0.725890
0.375206
0.870324
0.465961
0.601174
0.548558
0.534320
0.810419
0.496812
0.443565
0.856153
0.333333
0.444359
0.491213
0.565227
0.743691
0.823215
0.768410
0.850866
0.484992
0.790562
0.626561
0.752431
0.405487
0.488135
0.551564
0.503033
0.785278
0.539650
0.470344
0.519541
0.480770
0.447179
0.284604
0.854520
0.403369
0.542822
0.785075
0.697414
0.584902
0.779977
0.741373
0.337612
0.696537
0.718384
0.674928
0.736606
0.590655
0.479358
0.525417
0.780202
0.777257
0.518066
0.404373
0.727713
0.502542
0.526752
0.383784
0.726423
0.492250
0.491587
0.668890
0.530568
0.347085
0.461896
0.470558
0.595477
0.542838
0.304227
0.712800
0.497899
0.749358
0.755195
0.448439
0.671457
0.514579
0.421729
0.803046
0.751305
0.804057
0.461145
0.766074
0.546764
0.793873
0.742423
0.450363
0.758837
0.757318
0.616242
0.485828
0.867660
0.511381
0.526472
0.777625
0.678695
0.677160
0.492145
0.490457
0.779484
0.493423
0.511549
0.753353
0.784802
0.721957
0.673617
0.783177
0.530950
0.671857
0.476601
0.465847
0.668106
0.671232
0.472067
0.530325
0.684441
0.523184
0.658121
0.671304
0.419077
0.648579
0.785208
0.470515
0.506036
0.451157
0.712604
0.337475
0.761406
0.486337
0.563100
0.746896
0.516635
0.519847
0.555146
0.652176
0.778836
0.473154
0.561269
0.802157
0.833875
0.680629
0.744379
0.770283
0.504326
0.592458
0.772529
0.334550
0.570919
0.328397
0.517367
0.474009
0.745098
0.791764
0.600338
0.477845
0.737877
0.832040
0.837910
0.736289
0.500454
0.576200
0.466653
0.811378
0.499374
0.496704
0.459236
0.661921
0.504180
0.741706
0.538869
0.469004
0.671351
0.639539
0.551309
0.837981
0.528249
0.421118
0.387894
0.690679
0.830064
0.509680
0.518613
0.479366
0.399511
0.404704
0.444355
0.601009
0.822921
0.826364
0.757247
0.673240
0.533099
0.595656
0.365251
0.777012
0.325999
0.485845
0.693679
0.442087
0.510517
0.474204
0.518507
0.569780
0.485102
0.792296
0.411969
0.600864
0.636516
0.352899
0.333333
0.513430
0.573083
0.748305
0.539383
0.508654
0.663626
0.861741
0.564186
0.559755
0.375359
0.523171
0.816179
0.475411
0.516433
0.641753
0.782166
0.702551
0.717552
0.533696
0.580112
0.461203
0.560310
0.239851
0.850978
0.747163
0.711833
0.757680
0.470501
0.739099
0.535811
0.856319
0.470548
0.724140
0.485723
0.722233
0.494037
0.770305
0.764867
0.598779
0.430076
0.783532
0.480276
0.646394
0.365270
0.463715
0.577530
0.576486
0.454463
0.788588
0.823171
0.365897
0.762256
0.576442
0.414394
0.554974
0.739664
0.500535
0.797555
0.657134
0.846329
0.521144
0.487175
0.768477
0.447114
0.415737
0.517097
0.722665
0.577866
0.683616
0.448320
0.591709
0.721973
0.624703
0.451298
0.421341
0.854642
0.467718
0.536332
0.412415
0.525757
0.673797
0.760994
0.433870
0.662869
0.481698
0.805029
0.474089
0.410331
0.509117
0.529458
0.523597
0.459695
0.819730
0.541628
0.503451
0.811404
0.475544
0.530270
0.417588
0.499892
0.473247
0.496694
0.512535
0.538567
0.710632
0.561789
0.639836
0.491365
0.766274
0.751302
0.476441
0.357186
0.487550
0.777413
0.819475
0.606955
0.517719
0.460898
0.771749
0.708153
0.484720
0.732264
0.727040
0.740515
0.818555
0.572085
0.644256
0.654770
0.488162
0.568639
0.751566
0.538033
0.514760
0.492623
0.439338
0.610434
0.737238
0.649893
0.477045
0.695816
0.789405
0.601718
0.488149
0.713011
0.567961
0.238596
0.494766
0.592495
0.682685
0.499280
0.748467
0.685207
0.594973
0.470475
0.579087
0.724798
0.485845
0.687300
0.774495
0.789242
0.493242
0.546254
0.834022
0.781879
0.467584
0.630815
0.689535
0.441727
0.675932
0.499916
0.470003
0.506334
0.570983
0.501019
0.624480
0.751224
0.785126
0.799754
0.454239
0.687675
0.806054
0.682370
0.504903
0.459624
0.550626
0.437774
0.557030
0.475038
0.485864
0.374283
0.473173
0.474598
0.555109
0.503704
0.834097
0.526638
0.740907
0.529256
0.512154
0.470708
0.542483
0.768305
0.511972
0.661826
0.472928
0.529851
0.745183
0.587343
0.513950
0.507114
0.872763
0.523011
0.530403
0.478821
0.869481
0.313350
0.764388
0.784656
0.529532
0.455906
0.777162
0.500661
0.257478
0.793095
0.471280
0.767788
0.699209
0.454401
0.517988
0.544280
0.829101
0.499261
0.614920
0.590437
0.416881
0.756880
0.626788
0.371568
0.550531
0.853453
0.713874
0.349921
0.450376
0.787260
0.690930
0.474081
0.576621
0.477106
0.403154
0.551588
0.452119
0.276817
0.534848
0.418503
0.488710
0.819561
0.574498
0.496454
0.539932
0.550038
0.857102
0.532849
0.509730
0.363546
0.491752
0.452251
0.471692
0.753724
0.540846
0.569457
0.717884
0.501982
0.682169
0.726822
0.474402
0.550768
0.511421
0.792317
0.762947
0.430013
0.462607
0.455497
0.451945
0.766342
0.333333
0.562335
0.508937
0.715770
0.437318
0.351690
0.550487
0.512433
0.605453
0.519960
0.354263
0.752444
0.415263
0.633656
0.780055
0.854342
0.540307
0.486043
0.377557
0.483494
0.458581
0.473571
0.743611
0.496599
0.544395
0.517933
0.549567
0.695511
0.831991
0.534570
0.740892
0.707974
0.542871
0.406729
0.709540
0.725942
0.856291
0.731338
0.495810
0.596119
0.542620
0.452835
0.488537
0.411994
0.769286
0.464903
0.561695
0.761727
0.758819
0.578257
0.787198
0.484620
0.509454
0.504489
0.565333
0.419923
0.503846
0.567978
0.727584
0.365297
0.491148
0.534970
0.366710
0.466541
0.587601
0.409116
0.649487
0.547852
0.787436
0.747250
0.364541
0.780235
0.681545
0.324898
0.647526
0.257134
0.714283
0.251987
0.731346
0.504147
0.627172
0.689626
0.753072
0.525723
0.480267
0.400819
0.396656
0.496707
0.529070
0.426338
0.459496
0.384694
0.752616
0.684879
0.479034
0.767911
0.730838
0.433147
0.426907
0.630792
0.669525
0.544365
0.789869
0.784040
0.654890
0.573894
0.367647
0.511687
0.526985
0.508862
0.646769
0.794911
0.751778
0.665851
0.574588
0.452137
0.850454
0.744299
0.526585
0.491644
0.649875
0.780392
0.496523
0.763621
0.448113
0.515956
0.486111
0.469796
0.584971
0.518270
0.550982
0.469839
0.427325
0.458675
0.495896
0.603335
0.338362
0.805252
0.734643
0.497558
0.397102
0.408789
0.737728
0.755023
0.484352
0.555192
0.381104
0.502306
0.537138
0.498857
0.528298
0.538447
0.811297
0.773863
0.734434
0.650429
0.485389
0.550566
0.446290
0.790671
0.753043
0.731289
0.718520
0.474652
0.451285
0.810740
0.633958
0.398244
0.478172
0.530410
0.472493
0.451234
0.780126
0.485319
0.526469
0.752897
0.508500
0.510053
0.762630
0.794217
0.587739
0.526071
0.501618
0.749644
0.554136
0.708071
0.525322
0.637462
0.525085
0.729912
0.810229
0.470367
0.440451
0.771761
0.330785
0.474610
0.537922
0.576139
0.609664
0.751656
0.695049
0.574798
0.511251
0.723588
0.479969
0.833157
0.544734
0.269960
0.272727
0.507573
0.385258
0.804787
0.529275
0.409712
0.426225
0.272555
0.878441
0.558533
0.455010
0.519398
0.613401
0.339112
0.817675
0.829879
0.486080
0.572955
0.514797
0.510777
0.741217
0.525502
0.722899
0.725215
0.759941
0.636404
0.812586
0.586865
0.783427
0.469846
0.448540
0.653005
0.543159
0.771848
0.725246
0.508182
0.526718
0.583820
0.501689
0.513649
0.767029
0.732950
0.781756
0.767906
0.403007
0.496336
0.493478
0.737540
0.531755
0.550069
0.522794
0.469939
0.515704
0.650020
0.601307
0.489858
0.441383
0.449948
0.762508
0.656116
0.551644
0.565478
0.510443
0.503405
0.749875
0.832710
0.437018
0.750381
0.458487
0.765674
0.500637
0.566437
0.527161
0.624125
0.799489
0.855422
0.806905
0.501180
0.747692
0.457388
0.668725
0.532525
0.583505
0.698488
0.457150
0.739010
0.470319
0.728142
0.657698
0.532161
0.522212
0.908116
0.594504
0.747532
0.870014
0.509438
0.576595
0.452796
0.612298
0.518449
0.266842
0.506220
0.614189
0.730356
0.555726
0.392377
0.814952
0.482385
0.524936
0.802860
0.639453
0.482327
0.539244
0.572967
0.520390
0.492450
0.479154
0.431422
0.528761
0.817579
0.487972
0.375528
0.551478
0.471294
0.409654
0.828569
0.471280
0.333630
0.717668
0.490263
0.731408
0.561777
0.481814
0.559841
0.699091
0.601162
0.643687
0.521550
0.656833
0.286804
0.474314
0.486960
0.485741
0.730128
0.425527
0.716941
0.769785
0.660416
0.540730
0.663632
0.783619
0.440099
0.418687
0.432809
0.721345
0.378484
0.480014
0.576485
0.847195
0.836596
0.558020
0.564475
0.711959
0.583437
0.492763
0.538843
0.611651
0.457997
0.435391
0.484583
0.765162
0.735248
0.450313
0.643008
0.551092
0.513898
0.854150
0.750332
0.505585
0.782785
0.584103
0.578993
0.672666
0.775744
0.476060
0.462382
0.543189
0.728045
0.493423
0.498829
0.631837
0.825565
0.633891
0.605489
0.676227
0.778552
0.381129
0.691076
0.679419
0.709019
0.658629
0.489189
0.676782
0.404674
0.803157
0.424172
0.722981
0.504835
0.748542
0.577915
0.534624
0.603089
0.526478
0.554377
0.415949
0.705511
0.499135
0.559178
0.499317
0.840139
0.734865
0.440839
0.420343
0.245827
0.385163
0.546181
0.512758
0.685792
0.486750
0.468334
0.523499
0.425527
0.556897
0.421539
0.574772
0.661061
0.481022
0.565927
0.767461
0.831237
0.691308
0.820787
0.605840
0.470700
0.716834
0.430831
0.497450
0.488969
0.733069
0.453125
0.753458
0.862834
0.729709
0.814001
0.376941
0.681322
0.635983
0.540062
0.522513
0.585142
0.455070
0.743702
0.612209
0.438472
0.743395
0.478497
0.590921
0.749602
0.544157
0.535958
0.646189
0.457163
0.539722
0.813574
0.650323
0.419639
0.543225
0.437489
0.492384
0.529763
0.685168
0.382423
0.494492
0.609260
0.460082
0.761138
0.445392
0.643341
0.807981
0.787893
0.730515
0.641259
0.552946
0.774315
0.499487
0.768092
0.536032
0.798147
0.788203
0.580532
0.594947
0.616506
0.546869
0.275802
0.392334
0.755804
0.532614
0.486605
0.632052
0.496830
0.615767
0.479499
0.346142
0.778402
0.522081
0.700768
0.733064
0.845038
0.509539
0.419714
0.435272
0.740370
0.555009
0.675386
0.684866
0.483306
0.659884
0.814789
0.516319
0.527069
0.789695
0.533179
0.581658
0.474955
0.489684
0.482679
0.477139
0.742163
0.476957
0.767980
0.502947
0.830112
0.490864
0.453377
0.872492
0.469745
0.527773
0.737583
0.543180
0.815337
0.484123
0.771070
0.634008
0.811743
0.464684
0.550774
0.611153
0.688677
0.547232
0.735632
0.672404
0.603790
0.816008
0.379855
0.738322
0.499322
0.495452
0.602995
0.541533
0.307523
0.442032
0.694468
0.735999
0.763421
0.772853
0.785669
0.535045
0.768024
0.526019
0.816131
0.532538
0.432734
0.509503
0.505789
0.561148
0.647753
0.855707
0.483500
0.705982
0.661826
0.787515
0.442385
0.600658
0.765941
0.410474
0.520983
0.616538
0.456067
0.533409
0.780280
0.508165
0.447789
0.565813
0.405964
0.611335
0.725103
0.493050
0.751417
0.816786
0.800130
0.439977
0.606174
0.728451
0.855868
0.759000
0.228552
0.256666
0.295005
0.727678
0.748030
0.521560
0.397417
0.838409
0.531829
0.552665
0.817656
0.539329
0.715688
0.553454
0.726754
0.490824
0.698764
0.582496
0.600621
0.552962
0.587085
0.802596
0.473086
0.673449
0.477403
0.754986
0.675344
0.841432
0.688873
0.590860
0.673606
0.758168
0.411626
0.483929
0.528353
0.443423
0.528477
0.611291
0.528406
0.760854
0.586453
0.579366
0.534213
0.735458
0.491542
0.458455
0.541030
0.410547
0.451623
0.593304
0.416718
0.510944
0.516437
0.512872
0.447259
0.481879
0.711911
0.484395
0.528700
0.737141
0.823947
0.630079
0.804016
0.536632
0.723006
0.489700
0.474048
0.456038
0.794575
0.790090
0.529580
0.739613
0.806723
0.516859
0.512473
0.647117
0.455937
0.812766
0.507001
0.264040
0.546714
0.706428
0.645167
0.571128
0.414191
0.542597
0.449767
0.501455
0.482051
0.401985
0.501757
0.829244
0.558105
0.535711
0.542816
0.432242
0.760659
0.512631
0.491029
0.775583
0.550743
0.538189
0.491252
0.778246
0.736250
0.628730
0.798928
0.514664
0.485641
0.484068
0.526123
0.533647
0.452472
0.308368
0.541474
0.515731
0.501391
0.522270
0.540092
0.497857
0.461188
0.780270
0.596290
0.535034
0.484535
0.804769
0.717887
0.759050
0.483535
0.484905
0.762242
0.740112
0.748882
0.734721
0.576667
0.754550
0.614550
0.759866
0.588606
0.413483
0.522490
0.591721
0.505384
0.597952
0.746731
0.538524
0.554491
0.671441
0.435035
0.739928
0.880930
0.744978
0.600718
0.593796
0.758102
0.543198
0.506165
0.717814
0.535987
0.545869
0.370945
0.832547
0.519078
0.453242
0.476502
0.821650
0.355371
0.677249
0.431324
0.651375
0.481139
0.857709
0.517380
0.727472
0.834972
0.856202
0.718113
0.547198
0.863241
0.590826
0.482972
0.525672
0.587268
0.542479
0.495188
0.497596
0.792924
0.456859
0.717065
0.598785
0.378804
0.570022
0.616242
0.776828
0.715669
0.381642
0.731842
0.622726
0.463487
0.455670
0.452738
0.492862
0.443602
0.732630
0.778245
0.638951
0.369773
0.599336
0.583239
0.693388
0.412972
0.628287
0.765394
0.727397
0.493869
0.501620
0.724229
0.759003
0.452589
0.487697
0.729107
0.763151
0.462819
0.727374
0.780209
0.644532
0.756825
0.631816
0.760019
0.634988
0.607018
0.692751
0.736742
0.803575
0.765470
0.530446
0.403948
0.556328
0.413978
0.638760
0.486212
0.533731
0.443298
0.766350
0.602563
0.572648
0.695840
0.412343
0.620717
0.763272
0.511684
0.299552
0.559121
0.527675
0.541287
0.431112
0.521365
0.476445
0.467889
0.772813
0.610562
0.528363
0.771064
0.406758
0.410352
0.525817
0.745943
0.802924
0.592772
0.385159
0.590866
0.502989
0.576958
0.648595
0.503707
0.535480
0.737303
0.725066
0.752132
0.492887
0.776966
0.481619
0.414014
0.422504
0.546049
0.390641
0.627702
0.500835
0.339014
0.449740
0.371212
0.445379
0.430818
0.818281
0.470867
0.512639
0.467919
0.491809
0.564299
0.460018
0.703392
0.701567
0.677170
0.720534
0.608192
0.795005
0.776710
0.312447
0.568170
0.465059
0.336913
0.462922
0.457658
0.717864
0.694920
0.531592
0.515791
0.709230
0.428906
0.445571
0.699909
0.662206
0.593650
0.749403
0.418415
0.518503
0.550402
0.371197
0.649578
0.493748
0.488695
0.610923
0.826626
0.463760
0.719440
0.384369
0.503687
0.502938
0.749627
0.485192
0.497864
0.550492
0.493656
0.454277
0.658077
0.453246
0.527703
0.823596
0.510980
0.708355
0.727131
0.444974
0.517028
0.745024
0.739993
0.408939
0.777451
0.825453
0.511686
0.496709
0.816324
0.427809
0.754801
0.632796
0.289570
0.491598
0.709050
0.827532
0.483641
0.272742
0.730028
0.667785
0.688278
0.510395
0.253408
0.845056
0.658655
0.711880
0.655497
0.657995
0.449369
0.746194
0.654116
0.407204
0.711500
0.725563
0.505875
0.511494
0.519813
0.841521
0.753509
0.718448
0.743546
0.357859
0.762048
0.748251
0.818297
0.229115
0.540689
0.779303
0.738623
0.752815
0.563392
0.756485
0.449475
0.497790
0.723222
0.646974
0.797649
0.771702
0.574811
0.569005
0.699436
0.497534
0.841821
0.450971
0.311156
0.539299
0.543312
0.724783
0.656731
0.825296
0.581792
0.709734
0.802967
0.429638
0.598163
0.731877
0.388031
0.520391
0.820439
0.546950
0.439294
0.484042
0.500825
0.680753
0.490040
0.491849
0.725728
0.796415
0.270303
0.524744
0.768903
0.598225
0.464961
0.821766
0.794276
0.513176
0.446440
0.749866
0.333333
0.645964
0.387964
0.502739
0.774729
0.725325
0.729065
0.412094
0.508779
0.735375
0.801182
0.505124
0.400195
0.332106
0.468320
0.721226
0.471001
0.781721
0.688721
0.677593
0.727822
0.449616
0.474679
0.766370
0.558858
0.786386
0.537935
0.551384
0.534240
0.778283
0.798453
0.613872
0.425009
0.535962
0.598547
0.500356
0.498288
0.337899
0.521405
0.703813
0.634431
0.794491
0.777213
0.503952
0.626808
0.482418
0.791995
0.666343
0.779871
0.530777
0.507538
0.469344
0.542233
0.628103
0.729840
0.472008
0.514579
0.482403
0.504666
0.491128
0.456568
0.487383
0.463867
0.491140
0.580120
0.547272
0.804740
0.506464
0.803817
0.484249
0.608571
0.704412
0.518952
0.529215
0.683059
0.477683
0.576472
0.336459
0.321429
0.743517
0.775698
0.751892
0.787491
0.794878
0.591246
0.490731
0.739960
0.507183
0.502433
0.757083
0.788401
0.473536
0.757418
0.531803
0.665599
0.753961
0.342465
0.568059
0.505831
0.521298
0.691357
0.635897
0.469670
0.492949
0.580833
0.634902
0.535853
0.434760
0.721875
0.816455
0.629011
0.460681
0.511764
0.262022
0.741343
0.525995
0.625470
0.729576
0.647342
0.598330
0.495737
0.512785
0.520982
0.351999
0.394919
0.591633
0.430021
0.539852
0.347576
0.454088
0.219928
0.675248
0.476128
0.479519
0.216263
0.777155
0.731022
0.540242
0.764412
0.787924
0.595131
0.302213
0.511316
0.649572
0.451041
0.332634
0.686587
0.492994
0.435849
0.443174
0.684765
0.662977
0.737728
0.616418
0.378142
0.464207
0.609089
0.492028
0.552257
0.513189
0.598093
0.575889
0.802174
0.483593
0.744803
0.548716
0.380963
0.722687
0.479621
0.475260
0.736384
0.377542
0.500866
0.474313
0.479622
0.535720
0.485860
0.536175
0.696113
0.525035
0.395505
0.689179
0.469811
0.849406
0.554019
0.818059
0.559465
0.454455
0.764834
0.478507
0.518269
0.771212
0.475675
0.474642
0.476732
0.420141
0.751871
0.374641
0.720221
0.408009
0.754986
0.482078
0.677764
0.486333
0.508548
0.531731
0.488619
0.520239
0.791909
0.383224
0.500268
0.544324
0.659578
0.462477
0.601216
0.357231
0.716285
0.530355
0.570754
0.560921
0.694920
0.249689
0.467980
0.770070
0.556297
0.826417
0.561679
0.486943
0.361479
0.592286
0.497615
0.504887
0.484605
0.726830
0.486981
0.516288
0.551557
0.747996
0.426250
0.493405
0.772484
0.582441
0.798155
0.535511
0.762835
0.333333
0.820141
0.490172
0.722516
0.481941
0.572988
0.477328
0.478504
0.399198
0.501778
0.521014
0.575747
0.483797
0.694193
0.638861
0.456853
0.831777
0.551839
0.498376
0.264290
0.538623
0.754253
0.454370
0.792706
0.502733
0.406644
0.819041
0.545592
0.709814
0.720768
0.692493
0.471073
0.792401
0.458752
0.593098
0.865248
0.760926
0.476589
0.583626
0.496612
0.698879
0.514423
0.629280
0.732429
0.518436
0.728164
0.761567
0.786027
0.456985
0.588280
0.449990
0.408548
0.861640
0.558370
0.845617
0.456353
0.404016
0.325374
0.427461
0.685252
0.488289
0.749862
0.515621
0.554630
0.755899
0.728858
0.645448
0.358376
0.836386
0.364000
0.512196
0.499313
0.740034
0.585013
0.441823
0.520812
0.478459
0.542065
0.439708
0.509175
0.480002
0.377346
0.484898
0.500829
0.479014
0.810893
0.455582
0.805397
0.749572
0.749509
0.514695
0.474263
0.801676
0.558741
0.723371
0.421728
0.542639
0.352897
0.493579
0.239652
0.507172
0.794996
0.496087
0.809645
0.350455
0.533564
0.523649
0.508297
0.528835
0.713697
0.525733
0.503781
0.547432
0.764272
0.391764
0.579858
0.741699
0.467767
0.361138
0.322500
0.725028
0.561992
0.723080
0.474317
0.501012
0.540281
0.578162
0.657484
0.439483
0.519845
0.735081
0.485671
0.728713
0.593750
0.586607
0.762370
0.501757
0.534181
0.715859
0.509642
0.555901
0.469647
0.427626
0.576846
0.664793
0.548313
0.311205
0.709507
0.779199
0.537961
0.824239
0.380057
0.491436
0.577223
0.815060
0.704906
0.629194
0.510010
0.446295
0.721852
0.751217
0.717056
0.773268
0.607781
0.744529
0.733840
0.656794
0.502205
0.462468
0.773941
0.591510
0.491718
0.504031
0.703593
0.722332
0.601637
0.592564
0.526631
0.452541
0.791757
0.722132
0.338940
0.661845
0.553834
0.794432
0.727335
0.702803
0.756473
0.543113
0.554479
0.803703
0.513110
0.611403
0.521159
0.774075
0.745615
0.470856
0.408803
0.534970
0.547532
0.429087
0.634276
0.698931
0.724292
0.623328
0.751844
0.617055
0.380423
0.499263
0.751920
0.585158
0.473425
0.847976
0.783182
0.469302
0.571819
0.792481
0.773999
0.791840
0.740286
0.686023
0.639567
0.814400
0.771708
0.800122
0.654534
0.747934
0.538721
0.507985
0.512836
0.491688
0.515748
0.473611
0.653507
0.719352
0.658155
0.531798
0.689965
0.415624
0.389062
0.541046
0.527180
0.369649
0.333333
0.605576
0.585023
0.716110
0.380775
0.789398
0.501095
0.496397
0.377097
0.588620
0.741873
0.662742
0.510795
0.531659
0.511283
0.693816
0.413227
0.751186
0.642442
0.402723
0.544045
0.535591
0.711901
0.511639
0.519438
0.481694
0.651630
0.674918
0.648699
0.564668
0.508312
0.503760
0.607389
0.520685
0.767852
0.493824
0.517873
0.475071
0.684035
0.407444
0.504066
0.542378
0.791752
0.734017
0.547975
0.516719
0.478672
0.721368
0.494174
0.492708
0.615485
0.532623
0.459122
0.441545
0.681126
0.457049
0.517161
0.544634
0.759217
0.455916
0.473130
0.401987
0.388475
0.693439
0.588974
0.774843
0.719640
0.426580
0.622301
0.440597
0.715996
0.773323
0.553364
0.600364
0.526296
0.382752
0.595429
0.460386
0.694928
0.548085
0.777876
0.667147
0.507760
0.526716
0.536796
0.469865
0.448594
0.517057
0.531110
0.475636
0.452210
0.276285
0.411156
0.817601
0.753050
0.547049
0.540432
0.494546
0.731924
0.532904
0.859504
0.286296
0.807290
0.762370
0.601792
0.293021
0.535290
0.513300
0.617638
0.585995
0.702468
0.747595
0.599258
0.435023
0.625130
0.748765
0.651557
0.437670
0.631783
0.519631
0.455670
0.620513
0.730129
0.517117
0.731488
0.622140
0.490693
0.538694
0.506577
0.493670
0.523177
0.756114
0.746573
0.466361
0.509772
0.883204
0.558902
0.506231
0.780380
0.479239
0.514024
0.528965
0.460820
0.652071
0.710690
0.697854
0.612292
0.506249
0.574128
0.444014
0.652494
0.559138
0.740440
0.333333
0.632561
0.519725
0.701142
0.402316
0.449310
0.749442
0.281794
0.468598
0.498630
0.467776
0.479099
0.532229
0.636073
0.694128
0.792463
0.576253
0.515287
0.759254
0.765907
0.724353
0.559863
0.495155
0.751330
0.858832
0.743126
0.361513
0.468700
0.478518
0.524899
0.475224
0.492407
0.740972
0.602321
0.736154
0.451112
0.368106
0.557091
0.741726
0.506576
0.529532
0.623305
0.415966
0.792708
0.624759
0.646396
0.444167
0.821207
0.526787
0.547538
0.656655
0.719587
0.447983
0.452937
0.673489
0.569000
0.777743
0.493706
0.494493
0.544074
0.622253
0.774223
0.556326
0.411969
0.588309
0.456892
0.705389
0.491978
0.427990
0.393318
0.457828
0.534209
0.797196
0.618138
0.473423
0.615761
0.456929
0.446002
0.491954
0.500519
0.584337
0.798314
0.503196
0.537715
0.330635
0.569879
0.496903
0.480265
0.727421
0.494717
0.484369
0.612797
0.501542
0.500496
0.539058
0.572102
0.656412
0.720832
0.562403
0.570158
0.456186
0.510120
0.703148
0.575280
0.735742
0.795575
0.774503
0.476247
0.542966
0.289004
0.432100
0.730684
0.607496
0.799709
0.489149
0.357743
0.494028
0.477244
0.747968
0.404823
0.586848
0.572375
0.807126
0.501373
0.809721
0.482713
0.480734
0.713387
0.418561
0.467502
0.478802
0.451236
0.428070
0.623737
0.806292
0.667928
0.610071
0.526261
0.784757
0.730869
0.760645
0.445883
0.741606
0.402780
0.685755
0.461961
0.725021
0.503048
0.409392
0.610084
0.530306
0.470125
0.635654
0.510756
0.559591
0.569925
0.530025
0.515644
0.376226
0.587721
0.785936
0.734009
0.348621
0.711008
0.678117
0.724955
0.589631
0.708871
0.539676
0.703995
0.681516
0.477634
0.494950
0.740954
0.707431
0.443582
0.605252
0.809214
0.580713
0.687975
0.479992
0.668970
0.479358
0.780592
0.772200
0.463184
0.820829
0.732742
0.571302
0.314075
0.456352
0.519734
0.715537
0.459258
0.550622
0.350886
0.689054
0.501550
0.421185
0.804185
0.780605
0.376704
0.464844
0.858244
0.717410
0.431048
0.494314
0.497017
0.724886
0.565319
0.511939
0.502564
0.460699
0.653648
0.785655
0.574649
0.759873
0.803283
0.451312
0.555275
0.874180
0.799245
0.778240
0.473684
0.728770
0.764124
0.466289
0.656347
0.685220
0.464183
0.477166
0.513783
0.834445
0.449631
0.527637
0.709417
0.502517
0.824178
0.535968
0.796059
0.784570
0.502666
0.430945
0.729416
0.441698
0.463687
0.414571
0.671601
0.266829
0.349853
0.527396
0.550460
0.779050
0.457590
0.443386
0.365274
0.505076
0.624419
0.820054
0.775662
0.258367
0.396859
0.740424
0.544060
0.490898
0.466207
0.582113
0.735943
0.701660
0.784403
0.589534
0.803755
0.553978
0.505737
0.809494
0.521982
0.525997
0.468483
0.439833
0.506424
0.525764
0.826423
0.679946
0.748680
0.513430
0.486784
0.645254
0.191127
0.564564
0.409222
0.761019
0.564257
0.657912
0.846693
0.455406
0.719046
0.485421
0.736774
0.767573
0.472917
0.400252
0.481402
0.681515
0.567352
0.504305
0.541717
0.453024
0.470765
0.262039
0.560456
0.589395
0.429560
0.806295
0.472900
0.727026
0.485236
0.596591
0.564407
0.471898
0.503204
0.586734
0.534674
0.411160
0.530536
0.573308
0.742414
0.525053
0.456389
0.640558
0.463355
0.248647
0.550654
0.496959
0.510890
0.816930
0.320247
0.315668
0.457921
0.612298
0.475552
0.475906
0.634559
0.336999
0.305606
0.623334
0.752356
0.764724
0.797212
0.530079
0.401816
0.424005
0.447614
0.792154
0.482954
0.538486
0.640922
0.436125
0.435340
0.436166
0.501271
0.468868
0.524598
0.606557
0.691342
0.620862
0.537803
0.444096
0.830255
0.481824
0.501001
0.796405
0.559683
0.560990
0.483000
0.391602
0.702838
0.798370
0.477990
0.556045
0.605304
0.794010
0.409075
0.292220
0.485216
0.548432
0.448461
0.415803
0.768747
0.825451
0.688147
0.477967
0.474439
0.476532
0.621917
0.513195
0.500625
0.814674
0.588511
0.273968
0.782060
0.480461
0.833542
0.670395
0.547507
0.783198
0.522694
0.556632
0.504292
0.531963
0.570615
0.400335
0.496431
0.779244
0.490830
0.785514
0.533284
0.557451
0.714835
0.645606
0.558904
0.472837
0.647888
0.481712
0.731133
0.715729
0.407595
0.788411
0.532137
0.523613
0.425398
0.755058
0.726671
0.503494
0.740370
0.713678
0.712088
0.821640
0.710991
0.518799
0.519867
0.779085
0.515783
0.364760
0.549324
0.553303
0.440477
0.575072
0.506590
0.408794
0.520547
0.619349
0.729334
0.416742
0.524203
0.490930
0.691306
0.498788
0.668784
0.355867
0.542588
0.801077
0.638864
0.396096
0.580837
0.387152
0.506618
0.512676
0.456027
0.814238
0.740607
0.711231
0.699212
0.427794
0.508063
0.593996
0.597056
0.503116
0.780222
0.482070
0.649372
0.721335
0.797018
0.501344
0.342127
0.465486
0.424949
0.430277
0.673220
0.350931
0.539297
0.488980
0.567385
0.578852
0.468113
0.573918
0.759836
0.719122
0.718430
0.669052
0.444726
0.578536
0.303025
0.503659
0.536685
0.495598
0.536262
0.638652
0.728981
0.857994
0.571506
0.832713
0.752575
0.382473
0.672825
0.650434
0.695210
0.656158
0.473290
0.798500
0.783484
0.550031
0.780920
0.805663
0.696021
0.737732
0.371810
0.545208
0.447138
0.645229
0.751786
0.502124
0.610388
0.749442
0.848073
0.526742
0.716326
0.727742
0.867212
0.687111
0.497502
0.508656
0.671367
0.723691
0.516404
0.418914
0.848755
0.729781
0.495303
0.799301
0.816936
0.426566
0.708983
0.710633
0.792525
0.507259
0.792618
0.267894
0.511409
0.670187
0.519566
0.723431
0.702817
0.686359
0.775241
0.434959
0.858331
0.418712
0.510208
0.571541
0.715819
0.738479
0.539562
0.694577
0.729958
0.255444
0.552002
0.431474
0.446685
0.531399
0.476726
0.273519
0.535996
0.491082
0.557266
0.333759
0.439804
0.755091
0.574035
0.668749
0.731094
0.697095
0.665497
0.824422
0.490466
0.803335
0.752058
0.638838
0.756326
0.791239
0.539356
0.735539
0.422194
0.610499
0.424822
0.724350
0.500269
0.723822
0.642239
0.418970
0.358766
0.491300
0.406999
0.844869
0.503432
0.784634
0.829925
0.586274
0.670256
0.436831
0.464917
0.650918
0.454076
0.741060
0.603651
0.386904
0.434959
0.539647
0.649814
0.332926
0.527254
0.545551
0.822430
0.603905
0.488872
0.362723
0.710783
0.551929
0.672190
0.530843
0.422149
0.464776
0.534402
0.493801
0.554301
0.528773
0.861880
0.616986
0.486386
0.531856
0.694323
0.349518
0.587452
0.503279
0.511052
0.514391
0.421497
0.450562
0.595013
0.482872
0.542578
0.404535
0.388790
0.510805
0.558718
0.534599
0.403554
0.713153
0.859754
0.582346
0.430608
0.685727
0.534784
0.814505
0.841752
0.475649
0.462752
0.543794
0.664257
0.492339
0.402677
0.607323
0.651823
0.293383
0.473911
0.486589
0.720904
0.375750
0.349877
0.498038
0.501376
0.483489
0.594303
0.438750
0.394679
0.860214
0.806072
0.804369
0.306264
0.795693
0.702473
0.513193
0.531617
0.711571
0.483791
0.443950
0.502158
0.534742
0.642060
0.466915
0.751914
0.508600
0.528078
0.449555
0.745950
0.627399
0.601173
0.788875
0.511689
0.479796
0.519817
0.479772
0.803877
0.484321
0.504672
0.806030
0.512649
0.494777
0.718769
0.728570
0.560820
0.619910
0.677141
0.782597
0.739342
0.508864
0.443957
0.563115
0.541337
0.485040
0.473739
0.809049
0.573099
0.743976
0.539313
0.825547
0.770947
0.610614
0.492400
0.344175
0.572073
0.475654
0.782531
0.716852
0.632734
0.817506
0.421207
0.430286
0.446394
0.707568
0.376922
0.503587
0.625000
0.550618
0.682968
0.763806
0.474417
0.332509
0.445925
0.501185
0.471620
0.818621
0.355864
0.449383
0.785670
0.676777
0.781096
0.494599
0.675324
0.800173
0.461580
0.512370
0.780091
0.402138
0.540817
0.498359
0.739513
0.711288
0.527519
0.597297
0.738704
0.649817
0.532785
0.474997
0.464561
0.506525
0.803390
0.516530
0.566246
0.782537
0.604084
0.573869
0.523813
0.514823
0.422151
0.513445
0.493400
0.727517
0.474084
0.796167
0.793035
0.507742
0.331327
0.699737
0.818506
0.843168
0.751909
0.621560
0.546121
0.727383
0.498924
0.521379
0.556895
0.333549
0.457290
0.513143
0.801857
0.607008
0.774145
0.584240
0.465187
0.856075
0.766247
0.476384
0.598580
0.546992
0.481570
0.442018
0.521186
0.562321
0.755703
0.488159
0.379203
0.457765
0.518423
0.333805
0.609084
0.737682
0.698537
0.550330
0.505170
0.715158
0.818000
0.642285
0.589064
0.667524
0.725747
0.731006
0.496933
0.601213
0.476659
0.753151
0.479176
0.698613
0.858148
0.496890
0.628621
0.607320
0.481439
0.350295
0.256030
0.519074
0.491848
0.389072
0.582375
0.600442
0.516798
0.856865
0.717093
0.466780
0.644033
0.534397
0.592223
0.247516
0.875256
0.791565
0.773843
0.765198
0.664638
0.786712
0.567047
0.492495
0.571217
0.771358
0.438600
0.428073
0.554933
0.463541
0.669916
0.660249
0.623691
0.795104
0.637025
0.546505
0.481470
0.413350
0.761688
0.570634
0.448535
0.726680
0.550383
0.485135
0.719506
0.406718
0.562516
0.539095
0.504224
0.236324
0.823747
0.771774
0.394308
0.724175
0.575114
0.488302
0.466279
0.498509
0.497457
0.529088
0.759328
0.507907
0.560449
0.815942
0.812670
0.415324
0.773999
0.686824
0.305814
0.486204
0.553672
0.737963
0.447429
0.500180
0.531029
0.781460
0.497095
0.438132
0.470749
0.436753
0.502921
0.544431
0.548373
0.478594
0.735578
0.452818
0.709984
0.410080
0.626247
0.640097
0.924806
0.499500
0.711996
0.814099
0.655490
0.593856
0.739948
