urlid,label
5865,0.782722
782,0.329102
6962,1.000000
7640,0.416118
3589,0.590650
6719,0.506121
3905,0.534590
9841,0.846114
7447,0.482812
4776,0.420142
2879,0.424242
2620,0.424242
10479,0.419651
1105,0.421740
1849,0.524803
8286,0.687367
8344,0.863258
10486,0.842800
8661,0.896355
7188,0.467990
1433,0.834041
677,0.644151
469,0.764785
6988,0.318545
8024,0.474360
6896,0.557120
9154,0.510400
342,0.424242
50,0.524621
983,0.386328
6933,0.494637
8271,0.449464
5602,0.424242
4505,0.241033
4966,0.886616
2390,0.382095
6736,0.531392
4660,0.806416
7560,0.730714
3840,0.580413
5823,0.805461
5789,0.776708
1595,0.424242
6770,0.710704
3522,0.795209
5584,0.613957
8323,0.766929
3862,0.636351
373,0.475123
7345,0.525433
7708,0.822024
1398,0.809810
4298,0.465789
7467,0.388782
1878,0.762361
1832,0.465262
625,0.558522
7438,0.317916
9961,0.746379
7117,0.482185
8190,0.430987
1713,0.714566
949,0.517264
9246,0.291789
2326,0.398291
8942,0.445123
4458,0.591604
4659,0.550015
9522,0.253323
2497,0.647248
9836,0.424242
3808,0.785113
5575,0.728621
5714,0.424242
2490,0.661527
6812,0.457397
4335,0.383818
10014,0.850646
5889,0.785309
482,0.804895
8082,0.376687
5856,0.820693
8866,0.533043
2624,0.834789
1371,0.776616
4436,0.358441
2972,0.774065
3638,0.779451
6249,0.424242
7602,0.474499
9624,0.890303
7567,0.495770
6578,0.477511
7590,0.424242
8590,0.627022
10520,0.699109
1906,0.424242
1373,0.437943
1601,0.811559
4754,0.495553
8208,0.472830
1658,0.773207
1352,0.825707
8143,0.783385
7760,0.696857
7836,0.424242
9769,0.468463
503,0.687016
4909,0.419185
7162,0.434959
10035,0.654004
1992,0.680983
6133,0.384824
8519,0.504254
1879,0.424242
7107,0.470093
1225,0.649340
2451,0.657621
8252,0.413097
9214,0.650712
4850,0.840169
5891,0.360989
5274,0.455708
8623,0.402470
562,0.685195
860,0.254591
4199,0.779848
7616,0.474146
10544,0.492293
1567,0.771133
6552,0.446710
954,0.466961
111,0.539174
7036,0.661352
1995,0.792720
7095,0.424242
10180,0.523862
6872,0.880308
4805,0.882259
355,0.613464
8097,0.682817
9271,0.767184
431,0.471920
1646,0.598892
143,0.780454
3436,0.298473
150,0.559708
9745,0.269849
715,0.498172
578,0.464090
8684,0.754516
1186,0.822623
9115,0.575296
9239,0.418960
5461,0.769382
5424,1.000000
1349,0.882650
609,0.760629
7569,0.469729
1622,0.547227
6541,0.458768
9873,0.851231
305,0.466375
6041,0.448776
5360,0.421273
8445,0.666243
7260,0.454392
4526,0.684889
138,0.566472
168,0.475291
7888,0.654539
4639,0.652148
867,0.564773
9673,0.883596
710,0.503051
4749,0.399141
4716,0.361264
410,0.702421
2155,0.872030
3289,0.426143
7774,0.424242
1200,0.424242
9057,0.424242
2261,0.424242
9612,0.424242
4987,0.599405
3605,0.868009
5068,0.855509
4474,0.719382
5831,0.677681
4729,0.549957
10060,0.570958
6895,0.348452
3791,0.838500
7910,0.327871
4209,0.444998
4984,0.612070
1773,0.399726
2101,0.480188
7251,0.465422
2887,0.522486
875,0.605685
8185,0.445294
9688,0.836080
5342,0.322139
6802,0.608178
3077,0.645881
712,0.419414
3026,0.424242
2640,0.512938
4872,0.575123
3334,0.783638
2431,0.527838
9218,0.499095
7417,0.661834
3563,0.901115
1006,0.499768
8940,0.552661
7703,0.328042
2686,0.509578
8159,0.874290
37,0.424242
65,0.512666
1910,0.424242
2202,0.811961
9717,0.756560
2388,0.678791
2365,0.484465
5072,0.567657
4614,0.405877
6955,0.564259
4094,0.262254
3319,0.895155
1456,0.777936
5381,0.692032
4479,0.424242
4766,0.444162
6076,0.750073
8064,0.532293
3416,0.898196
4892,0.435457
9942,0.707539
9215,0.473382
4506,0.696911
9275,0.445017
1306,0.785281
6828,0.771092
8368,0.615368
7205,0.314348
360,0.836444
3386,0.462243
3835,0.652197
1305,0.320794
7963,0.414161
2073,0.562433
4230,0.424242
9012,0.442757
2723,0.805458
6788,0.856967
7945,0.291697
4868,0.827099
6597,0.580836
7323,0.371917
6229,0.504334
3427,0.424242
7727,0.442496
4707,0.837973
2547,0.643207
4523,0.891011
9648,0.501018
1084,0.469048
3327,0.787987
5591,0.437375
186,0.393734
2938,0.520957
9912,0.723688
6047,0.424242
2417,0.677919
10533,0.413522
1137,0.568827
1533,0.722469
9233,0.630929
43,0.420153
8986,0.390382
6000,0.900555
480,0.396225
2457,0.519899
5362,0.378865
7722,0.519238
7940,0.661422
6104,0.835958
8853,0.412068
5813,0.644248
4769,0.479443
2544,0.424242
6379,0.445493
5262,0.400383
9885,0.420810
10081,0.528448
1315,0.465037
3388,0.371027
3473,0.856210
2117,0.424242
9411,0.392568
9379,0.845080
4236,0.415237
2049,0.493818
4786,0.269368
1604,0.527309
7659,0.420914
8152,0.464943
5417,0.429604
160,0.522862
6826,0.707177
1815,0.556307
3647,0.629162
5605,0.440990
3526,0.826432
3854,0.817692
1053,0.419177
2411,0.424242
6015,0.424242
2089,0.787946
7745,0.823989
6816,0.546036
3934,0.451865
6547,0.421170
3758,0.798850
7158,0.655215
1584,0.398545
2982,0.717236
7679,0.760725
5286,0.744641
3776,0.857308
1235,0.557113
6294,0.644628
1012,0.671798
10318,0.416004
7134,0.525243
5180,0.783337
2108,0.524063
3639,0.499474
6729,0.472617
2472,0.385050
10235,0.583875
190,0.746496
4713,0.758750
6827,0.420910
6108,0.648406
1114,0.873398
4848,0.424242
606,0.438091
1573,0.725901
8546,0.538710
5193,0.216060
2936,0.442615
5104,0.578692
6712,0.710706
3055,0.487603
74,0.799622
7726,0.671489
9183,0.603854
162,0.420427
7288,0.564078
8657,0.769511
1295,0.422010
8207,0.705486
4433,0.739767
590,0.825504
10549,0.518236
7749,0.563272
405,0.857459
10267,0.828585
7133,0.424242
7584,0.602407
6616,0.652409
1719,0.424242
9761,0.676902
5859,0.486290
5662,0.385019
1736,0.379617
9333,0.557930
1102,0.485940
2790,0.606474
6598,0.793007
7995,0.847657
4452,0.825127
159,0.424242
511,0.754293
7006,0.788013
1123,0.669464
6073,0.448507
7094,0.392739
10008,0.530586
7573,0.416396
679,0.536434
6809,0.311868
1108,0.451031
380,0.351987
204,0.456731
7075,0.431888
2550,0.487443
9785,0.462243
5036,0.424242
3129,0.500419
6495,0.767200
880,0.485400
2360,0.445083
7839,0.442783
350,0.555843
9151,0.789579
6650,0.480230
7208,0.657526
5840,0.444241
5997,0.454324
2103,0.746827
713,0.631747
7771,0.478098
10255,0.496028
3944,0.894614
4250,0.511339
2833,0.520953
3052,0.474558
7855,0.905322
4152,0.271456
4445,0.796468
10036,0.424242
9727,0.546739
2234,0.441814
9632,0.791458
626,0.461572
1644,0.238103
4859,0.820940
3987,0.448208
5884,0.800394
4112,0.679753
10392,0.353577
2962,0.509661
21,0.424242
8524,0.856529
2543,0.472983
663,0.424242
2748,0.612298
3451,0.374166
964,0.786865
10560,0.619297
2428,0.424242
4520,0.540856
7660,0.902878
6583,0.424242
10390,0.424242
688,0.395204
7957,0.828220
3356,0.700420
1766,0.424569
9128,0.556459
2340,0.424242
9421,0.424242
7712,0.524912
8200,0.439973
8762,0.216060
6446,0.424242
5194,0.387139
960,0.472708
779,0.863162
3584,0.541332
3011,0.489678
2769,0.518761
1392,0.424242
7254,0.905033
9084,0.517878
9622,0.493560
3665,0.424242
1609,0.475843
6130,0.485977
10155,0.406079
7826,0.800059
8300,0.424242
5038,0.424242
7582,0.749139
9561,0.415924
7430,0.729951
5045,0.745084
10421,0.475583
5675,0.541165
4687,0.499970
4944,0.795411
5105,0.769592
148,0.424242
6371,0.424242
8108,0.393578
4354,0.424242
6077,0.800550
4292,0.424242
10068,0.424242
5821,0.464261
1042,0.730403
7715,0.397917
9703,0.395333
2761,0.552186
7002,0.492451
7313,0.596604
9050,0.534128
5518,0.363978
10556,0.778017
1078,0.392936
9699,0.424242
10445,0.828758
8748,0.894652
2960,0.525472
4317,0.461431
939,0.320892
8423,0.445027
5196,0.401685
8151,0.463763
7199,0.747430
1574,0.480715
8566,0.424242
7389,0.501072
1177,0.517952
10282,0.690952
10098,0.424242
4512,0.521581
4055,0.759483
8431,0.747750
4532,0.489525
10450,0.395319
5754,0.668780
1882,0.733254
1563,0.889785
4871,0.793240
8440,0.473030
3253,0.591632
8270,0.547382
4610,0.410865
9619,0.442211
8786,0.395641
2889,0.806721
9781,0.444070
5061,0.531763
7059,0.757774
2064,0.841168
1587,0.582670
1934,0.820742
5516,0.420235
9853,0.495593
7867,0.524588
1556,0.565908
5495,0.424242
4274,0.473030
8177,0.424242
9491,0.712694
9813,0.399528
2205,0.460508
2710,0.424242
2992,0.331868
7998,0.439249
6428,0.602889
6638,0.312521
3035,0.667695
1578,0.491476
1324,0.850701
2316,0.780464
9326,0.424242
7359,0.762389
7741,0.424242
5143,0.268556
8196,0.636989
630,0.216060
8481,0.736945
8497,0.216060
5409,0.721546
5749,0.424242
8219,0.645550
9571,0.655845
4886,0.768499
5367,0.496978
1185,0.432787
8291,0.369738
1590,0.424242
7698,0.485822
51,0.484298
8784,0.456618
3928,0.448266
5987,0.333334
7008,0.757744
7482,0.646181
9374,0.420730
1296,0.424242
10289,0.746597
2986,0.387527
4651,0.390739
8594,0.424242
7469,0.668892
2871,0.500745
1903,0.842227
8571,0.831529
4832,0.701742
1242,0.505710
7115,0.424242
3599,0.424242
2065,0.475050
4529,0.513674
763,0.424242
6698,0.823944
2002,0.726902
2020,0.663160
5229,0.570922
8243,0.166667
6936,0.897140
9360,0.815757
4360,0.481686
7951,0.419074
6701,0.647538
7574,0.806724
2426,0.462075
1681,0.819636
7135,0.424242
3688,0.485042
3872,0.487962
558,0.435115
2228,0.584777
8170,0.515685
7171,0.526340
7756,0.434806
3609,0.410942
3985,0.424242
1139,0.420525
3453,0.571771
7583,0.424242
9788,0.829089
10175,0.424242
6059,0.459783
104,0.375427
10168,0.369665
8902,0.783784
5343,0.736524
4239,0.426055
6767,0.567329
6269,0.341665
6682,0.430265
9558,0.522813
2416,0.484435
6592,0.444257
6196,0.492155
2751,0.865895
3412,0.810395
8302,0.761472
1120,0.656737
8005,0.469312
6637,0.521328
6440,0.424242
6679,0.810477
8039,0.722324
5357,0.715978
8844,0.706692
2964,0.418861
6040,0.426653
7259,0.971124
8974,0.624079
7439,0.364226
1045,0.444946
7706,0.480273
9724,0.443755
3698,0.425262
7339,0.784652
1749,0.454393
7257,0.504171
2963,0.744887
7775,0.512463
10501,0.441498
4258,0.808266
7908,0.829474
722,0.615128
6519,0.501261
6916,0.476690
4456,0.644440
2731,0.491855
917,0.655228
4107,0.517111
7894,0.644066
2540,0.500369
8455,0.750750
10406,0.843535
8909,0.425755
5489,0.389033
306,0.757110
3894,0.424242
2735,0.414683
4939,0.536808
1551,0.573092
777,0.598460
2160,0.776866
8599,0.653408
2727,0.513539
6362,0.532646
1417,0.705225
10343,0.501964
4866,0.858075
2682,0.527184
9856,0.226702
4498,0.000000
7450,0.471420
6899,0.298214
5649,0.848646
6086,0.484132
1618,0.000000
9926,0.404340
2847,0.242137
8099,0.424242
5724,0.556846
3358,0.450121
8136,0.426780
955,0.605346
8819,0.424242
5832,0.967531
10413,0.899785
6548,0.464147
8407,0.565601
10090,0.508376
8564,0.424242
808,0.701301
5303,0.510088
8913,0.736694
9425,0.786850
9543,0.759727
1219,0.559627
9575,0.781593
4019,0.617842
6223,0.820562
9588,0.379621
4739,0.223458
10492,0.678512
2017,0.513078
5524,0.795960
7449,0.735031
5734,0.488594
5456,0.494964
797,0.605848
5525,0.485743
8265,0.467039
1981,0.817178
8977,0.790853
6241,0.906805
6021,0.424242
7720,0.424242
8632,0.488555
6705,0.444629
2476,0.741681
3510,0.497797
8887,0.542289
10115,0.499579
9061,0.458500
5570,0.507732
2763,0.629553
1437,0.584838
3448,0.446519
3529,0.414093
3156,0.429666
4604,0.799272
6776,0.607977
10227,0.529990
1545,0.588925
10487,0.504819
993,0.487912
1161,0.788499
7975,0.869451
1591,0.391815
7804,0.786513
5048,0.453618
10454,0.800451
3567,0.494098
5886,0.424242
9937,0.527052
3931,0.638739
9706,0.819059
10193,0.424242
5569,0.860718
9747,0.388021
2217,0.733341
5936,0.404970
3885,0.638271
1086,0.515939
1799,0.553904
9763,0.695596
3299,0.415090
8268,0.740534
473,0.451362
337,0.733711
9381,0.656735
6426,0.530122
1210,0.527330
4986,0.424242
8285,0.572918
2024,0.751662
245,0.894562
4807,0.485356
2208,0.619780
9835,0.397760
8963,0.601864
9946,0.439594
5230,0.218973
2788,0.494443
674,0.564211
1629,0.727993
2300,0.524917
169,0.303074
3575,0.874588
6910,0.424242
1479,0.472566
10498,0.846390
8062,0.657207
9672,0.478741
9467,0.508934
6763,0.594922
8508,0.477077
1034,0.460203
3756,0.462341
9263,0.424242
8141,0.500440
532,0.859686
7022,0.477850
4024,0.328914
3298,0.559089
5641,0.443846
10455,0.379646
5206,0.875042
7005,0.448742
8971,0.240543
8358,0.694896
257,0.378402
78,0.755445
6333,0.550099
7969,0.431640
2505,0.557471
2004,0.664740
3748,0.597472
5668,0.424242
365,0.479379
9651,0.424242
2324,0.257834
3902,0.419589
9294,0.399241
5377,0.469849
2817,0.676080
7670,0.405883
4755,0.783762
255,0.797293
2714,0.424242
2922,0.491842
5517,0.684932
5157,0.816401
64,0.376938
5300,0.344978
451,0.416243
3941,0.732366
326,0.424242
3757,0.481383
8798,0.578217
2315,0.897878
6755,0.857964
2916,0.553264
7406,0.588378
3703,0.687598
5403,0.590239
622,0.520489
9,0.581510
5848,0.625812
8670,0.281046
1156,0.412151
10179,0.434937
2028,0.766296
3924,0.733648
620,0.416935
1963,0.619759
4537,0.424242
8970,0.490123
3024,0.889381
6140,0.785912
1866,0.561761
4442,0.808706
2312,0.568588
6749,0.565153
459,0.688924
1516,0.812111
8817,0.439871
4912,0.377434
2076,0.524460
10023,0.786089
7684,0.447942
3531,0.479741
6209,0.632149
10508,0.872364
8678,0.578439
3541,0.424242
1208,0.658626
4090,0.424242
1097,0.329121
5099,0.710463
2816,0.685289
4291,0.424242
1409,0.673633
6401,0.503706
4617,0.678856
6111,0.383653
6172,0.823971
10357,0.396546
8465,0.721749
3867,0.498092
9495,0.779616
4348,0.544688
7879,0.519083
9273,0.606048
3252,0.452407
9167,0.424242
2573,0.554872
7395,0.706453
9046,0.522182
1526,0.555371
9339,0.483895
10301,0.885262
7588,0.808765
1104,0.412224
1310,0.386731
6631,0.254537
10475,0.366468
9090,0.495468
1528,0.485020
1657,0.729249
1175,0.423711
1895,0.414061
3864,0.482379
4700,0.403457
3572,0.565138
10507,0.397201
269,0.543391
5744,0.623944
1687,0.461144
3020,0.532044
4974,0.784207
5119,0.424242
1916,0.700052
6687,0.844696
2197,0.603668
8641,0.428185
10073,0.751014
1967,0.405409
4999,0.483286
9816,0.457204
734,0.740779
9665,0.424242
5092,0.743271
2591,0.896363
9877,0.740706
4601,0.852836
7734,0.424242
7185,0.648900
6405,0.632011
7003,0.524694
928,0.462898
6490,0.587358
1586,0.414441
10139,0.728799
1192,0.597056
10526,0.406469
5544,0.768484
8779,0.435860
4497,0.612561
3059,0.776622
2181,0.545795
2303,0.475792
1190,0.674222
1468,0.415410
8771,0.540724
8997,0.855906
6365,0.658504
10355,0.257272
3478,0.523924
3764,0.429485
3542,0.502340
4941,0.539196
1840,0.683593
463,0.360998
7407,0.432503
7711,0.625911
6044,0.433975
3750,0.801861
10114,0.430428
1332,0.743466
425,0.845735
3479,0.821690
1979,0.727342
2994,0.649971
207,0.553118
5820,0.822329
9187,0.479092
5423,0.776851
2743,0.485800
2902,0.859777
9126,0.822158
7903,0.576086
4100,0.602888
3578,0.630770
6061,0.519771
5081,0.228834
4575,0.424242
6695,0.745737
5960,0.494283
10186,0.482046
6795,0.424242
10022,0.491820
5841,0.614893
7481,0.460791
9331,0.424242
400,0.798742
6907,0.424242
10393,0.704345
3709,0.752038
4726,0.898482
3007,0.474149
4723,0.436570
597,0.424300
1810,0.776451
4131,0.550675
4697,0.697878
8838,0.711226
5956,0.456715
4196,0.659829
63,0.861702
1714,0.458008
904,0.500516
9715,0.828303
4,0.424242
5462,0.569670
259,0.412581
5418,0.462584
6849,0.452661
9893,0.419240
10003,0.784590
4976,0.469128
7611,0.783388
900,0.498864
3746,0.424242
3893,0.440496
2966,0.409073
9667,0.894520
9734,0.470677
8123,0.501992
8470,0.748326
4058,0.525187
4623,0.867766
3782,0.422250
7966,0.424242
6003,0.638105
2168,0.424242
422,0.431663
6381,0.546073
1136,0.609799
3443,0.710493
2214,0.562333
9973,0.633604
1593,0.424242
5474,0.602819
812,0.836472
4703,0.329415
4294,0.702777
10021,0.429812
395,0.478397
3237,0.607517
9099,0.499030
2401,0.252048
10371,0.400370
3420,0.761840
3460,0.738422
9088,0.424242
5995,0.824445
3084,0.819427
3595,0.493100
9524,0.796567
167,0.422982
9743,0.847721
6109,0.512314
433,0.249560
6292,0.461530
8125,0.486647
4035,0.554521
2929,0.665802
8810,0.879153
4403,0.442398
3925,0.693137
1290,0.674127
3689,0.807122
6709,0.361052
8021,0.603137
6237,0.765158
1453,0.000000
7340,0.476370
6078,0.636710
2369,0.406962
1781,0.511246
3830,0.845306
7625,0.463115
8150,0.394934
1680,0.519026
7077,0.368355
3360,0.620311
7927,0.783357
244,0.448774
8107,0.746191
820,0.845139
5915,0.863755
924,0.397987
9207,0.610299
4077,0.762765
6052,0.424242
508,0.761069
8105,0.424242
4405,0.216060
7558,0.259449
6094,0.785043
484,0.784268
8927,0.490318
310,0.424242
8075,0.424242
1094,0.480406
3211,0.569739
1700,0.849617
4816,0.508273
9354,0.745836
8845,0.507042
7530,0.732371
1520,0.485389
1087,0.629576
5786,0.644443
6847,0.634789
999,0.545169
5308,0.581746
6569,0.803459
10200,0.418397
5868,0.646793
1757,0.460874
4625,0.809972
2955,0.662499
6187,0.892997
9931,0.702815
4883,0.598243
2488,0.652644
156,0.788963
2820,0.424242
1311,0.424242
1517,0.505003
3640,0.424878
5763,0.431243
6689,0.632608
1193,0.424242
8217,0.765326
10327,0.566696
5042,0.573131
6903,0.462133
2068,0.753537
7614,0.452040
8842,0.398527
2445,0.554777
10276,0.357946
4931,0.491760
6842,0.596657
5927,0.257272
6207,0.477744
4539,0.500240
8721,0.500178
3618,0.413872
2580,0.406353
5321,0.696206
3181,0.482593
4742,0.522372
3340,0.751301
8310,0.859752
3948,0.424242
2126,0.783982
10436,0.492507
9635,0.727167
9022,0.452275
8576,0.417667
2522,0.434429
7341,0.820041
7377,0.816504
7636,0.478040
2536,0.745921
2706,0.835390
4814,0.476035
6032,0.488432
2630,0.684397
1857,0.424242
5412,0.851173
1957,0.494332
9805,0.424242
9256,0.548782
1055,0.711343
8439,0.716129
317,0.564969
6126,0.395119
9970,0.471449
6008,0.388133
2811,0.500063
10214,0.452740
10337,0.401704
6563,0.434749
5611,0.875053
6358,0.523802
8446,0.554560
974,0.528647
4839,0.398772
4806,0.812634
4597,0.448040
4649,0.481433
7744,0.851480
5826,0.573925
6118,0.489673
6785,0.483087
301,0.803463
3192,0.700298
9854,0.629404
9227,0.842382
4768,0.466720
2961,0.428124
4564,0.429680
2484,0.474426
1606,0.485315
2864,0.396961
2884,0.282836
2753,0.489401
4366,0.496443
2470,0.478142
6369,0.453024
2754,0.452715
2501,0.445235
8890,0.446950
2093,0.806011
4937,0.424242
2850,0.520095
3706,0.406416
6645,0.831309
5799,0.730638
4229,0.772284
4900,0.451974
7883,0.474583
4629,0.708968
6459,0.768246
10381,0.767334
220,0.772491
761,0.583569
4264,0.730036
6633,0.613104
1424,0.809116
7017,0.559635
6901,0.387205
7126,0.466915
881,0.590205
6382,0.455848
7502,0.598594
1911,0.754464
3076,0.532835
9281,0.541006
1534,0.640648
8378,0.426463
4717,0.768105
7012,0.911655
9028,0.740781
5407,0.526950
274,0.602732
9465,0.794623
5164,0.530388
937,0.423197
5264,0.722282
8051,0.585119
10304,0.518233
2403,0.164858
1697,0.852085
8142,0.525446
3734,0.444354
8487,0.473947
5123,0.870590
8726,0.299966
2336,0.706364
7376,0.416801
2793,0.503058
1998,0.456055
319,0.870733
6783,0.473905
6911,0.719843
3078,0.871322
3310,0.878683
4790,0.782919
2712,0.532478
2968,0.890147
7777,0.572277
10442,0.451222
1654,0.520797
10438,0.562607
4509,0.519223
3963,0.479131
5043,0.471153
5421,0.857746
6465,0.445107
8034,0.727938
806,0.565045
1090,0.424242
1566,0.574479
10187,0.424242
2634,0.829178
569,0.761829
135,0.333109
3732,0.760390
6247,0.665349
10466,0.418422
8429,0.445024
6725,0.410310
6128,0.472011
8496,0.520097
2433,0.760225
5552,0.789579
7122,0.424242
376,0.351987
796,0.424242
6121,0.501556
8960,0.708232
5686,0.375730
2213,0.552328
6602,0.788769
3357,0.740001
1997,0.450420
691,0.497756
4370,0.769108
9660,0.803002
7189,0.419524
6660,0.416765
2074,0.768079
5375,0.808735
1816,0.413329
9802,0.789651
7654,0.796921
3784,0.590503
9604,0.790912
6397,0.612549
7125,0.757323
1460,0.637064
5718,0.600714
5452,0.627914
7064,0.751264
8272,0.846943
3620,0.833145
2772,0.490365
5150,0.424242
125,0.470371
1005,0.396224
616,0.637303
9056,0.431605
3972,0.488632
746,0.377353
10286,0.805457
723,0.600452
1283,0.562930
8009,0.701733
8509,0.354836
8220,0.617947
7393,0.805424
8499,0.499021
3789,0.424242
9658,0.537039
8171,0.424242
1985,0.424242
733,0.456710
6706,0.424242
6282,0.462553
7243,0.384155
3995,0.789807
4375,0.602757
1647,0.541290
9306,0.785353
9272,0.322107
9464,0.381406
5340,0.470843
5475,0.763659
4911,0.851211
9315,0.592708
811,0.474603
6395,0.424242
3229,0.480307
2250,0.585876
8433,0.621776
10428,0.481694
10461,0.548371
8408,0.768637
3945,0.742216
863,0.802702
4683,0.424242
1162,0.766009
9132,0.424242
1076,0.372257
7236,0.424242
3218,0.529570
6866,0.371953
4997,0.661028
9121,0.497065
8696,0.424242
3313,0.424242
1421,0.424242
80,0.371047
8163,0.424242
4583,0.856494
4053,0.473810
8693,0.430331
4139,0.455515
6976,0.466312
3549,0.548817
5534,0.466127
1638,0.708872
6375,0.721284
1008,0.716006
9120,0.744370
8071,0.614750
3266,0.805497
10482,0.819108
5288,0.424242
6302,0.424242
2183,0.440205
9199,0.318648
5441,0.437365
4418,0.428592
7287,0.745864
1532,0.693001
2978,0.496924
1230,0.493949
6423,0.695613
9643,0.425804
5142,0.431975
9368,0.708583
6132,0.656064
9031,0.580167
4767,0.703632
844,0.424242
10296,0.484534
9045,0.568905
10469,0.424242
9223,0.424242
9340,0.450609
1226,0.417001
686,0.604698
4037,0.874855
7620,0.424242
9322,0.733308
2943,0.364525
6549,0.475945
8124,0.487686
1803,0.789797
8025,0.468859
368,0.461130
3660,0.508819
4943,0.439972
9143,0.416935
958,0.670148
4272,0.424242
200,0.534377
7314,0.866977
7827,0.439763
252,0.424242
2242,0.737767
2804,0.393161
8802,0.511301
7645,0.793167
7228,0.747588
9200,0.393106
4738,0.812260
4513,0.858522
7999,0.512289
3938,0.489996
8127,0.855053
9265,0.424242
7353,0.762224
4772,0.630902
4461,0.424242
1335,0.424242
9018,0.713166
10460,0.868842
7956,0.447947
1238,0.230739
2552,0.700612
6517,0.659624
5925,0.678791
7413,0.463167
3728,0.217991
1103,0.887409
3704,0.662879
8413,0.656013
4533,0.617518
5449,0.660795
7306,0.522490
1401,0.777451
7365,0.627220
8363,0.371743
3656,0.717215
5683,0.773930
1940,0.495723
8674,0.499468
6745,0.489015
4431,0.886641
2263,0.801708
7506,0.705629
4059,0.766057
4588,0.424242
8692,0.790581
7258,0.760813
5448,0.868033
8865,0.424242
1119,0.482508
7642,0.805211
9981,0.733038
181,0.780809
7528,0.580285
9086,0.794802
4963,0.425470
5292,0.459891
1254,0.424242
2125,0.588380
5601,0.820287
2758,0.792625
1922,0.559974
5440,0.542267
3001,0.698566
4011,0.424242
8604,0.901424
2779,0.434071
1568,0.424242
10123,0.542942
9053,0.516330
8028,0.730805
82,0.695520
2845,0.855144
10221,0.582175
8598,0.730167
5011,0.861515
7401,0.396999
8687,0.571637
8767,0.695647
10046,0.363652
1920,0.492204
4364,0.863493
9395,0.612988
3602,0.424242
9038,0.456437
7786,0.456938
5106,0.697900
9337,0.436724
1575,0.448978
10291,0.424242
2965,0.825815
1478,0.220787
3625,0.506276
7329,0.782161
4116,0.605056
9136,0.443273
6870,0.865251
4073,0.839428
7863,0.500667
7437,0.430170
278,0.723362
1977,0.424242
8570,0.651477
6800,0.344884
8964,0.494711
7534,0.795016
6539,0.733747
645,0.424242
8223,0.424242
610,0.472333
1512,0.777351
8340,0.831627
4524,0.488447
7465,0.424242
6313,0.424242
1873,0.420002
1015,0.740957
444,0.439652
4967,0.858722
8988,0.715563
3199,0.683432
8020,0.644213
6103,0.350336
362,0.458779
7325,0.805193
5730,0.496951
10448,0.845514
1452,0.522944
6669,0.531432
7892,0.424242
7859,0.797784
5866,0.828659
2970,0.610732
9609,0.424242
893,0.516752
4176,0.569904
4280,0.466844
3970,0.485185
4516,0.364619
7503,0.424242
7955,0.723739
9852,0.640457
8380,0.825057
9284,0.817954
10386,0.496443
4004,0.644517
5328,0.462402
9274,0.834000
4646,0.424242
396,0.843140
5513,0.493246
4117,0.470891
3751,0.454901
9767,0.424242
1071,0.650621
7812,0.771730
5059,0.393433
2667,0.457377
9304,0.377114
10385,0.500939
7930,0.488374
5225,0.418706
9839,0.477311
2831,0.456366
2387,0.480273
3433,0.555161
5101,0.566949
6357,0.842669
5476,0.467415
3807,0.807304
10232,0.405068
1508,0.602181
6993,0.699390
5505,0.487104
6009,0.530863
5301,0.646196
6766,0.475334
2248,0.537569
8572,0.424242
852,0.424242
7871,0.791058
6926,0.424242
10220,0.778972
9007,0.755173
6990,0.832789
2012,0.581423
5645,0.486662
9091,0.767444
3797,0.490456
7201,0.477957
672,0.788251
1257,0.865396
2010,0.470554
8222,0.802443
9636,0.467834
2746,0.688065
2919,0.809663
5231,0.424242
5625,0.579712
10254,0.480736
2651,0.491241
1740,0.679342
3212,0.636409
10502,0.422749
7139,0.456355
7210,0.424242
10049,0.681045
1621,0.507202
2301,0.401340
5798,0.690347
3812,0.855145
6190,0.654629
5503,0.429575
9972,0.469107
5646,0.224942
2003,0.742858
1069,0.563877
9656,0.602528
279,0.747697
4328,0.676277
7105,0.565705
1643,0.463345
3108,0.512935
3106,0.518786
1626,0.355087
9838,0.374799
6994,0.568436
3463,0.309872
781,0.505821
4337,0.379659
1639,0.421759
416,0.424242
7687,0.659133
9610,0.466759
2519,0.451562
10210,0.424242
8633,0.788843
1276,0.721281
4764,0.540124
7674,0.508901
6550,0.829814
3853,0.553413
341,0.234850
6258,0.466359
1884,0.582564
2855,0.436500
2196,0.424242
5326,0.683142
6380,0.476234
5580,0.396822
4563,0.447163
10414,0.692541
3226,0.664652
3175,0.715150
9457,0.424242
1705,0.395996
5910,0.448707
375,0.424242
10333,0.413369
3852,0.519112
1971,0.487755
8720,0.534157
1860,0.539108
10349,0.840295
4605,0.458986
7358,0.825867
8258,0.424242
5678,0.341873
694,0.704158
8482,0.442819
1924,0.462015
3716,0.743016
3282,0.362139
5746,0.473516
1518,0.453863
8741,0.461136
7630,0.571508
8276,0.419572
6939,0.502861
1435,0.710430
8157,0.502271
1041,0.424242
4478,0.713668
8307,0.419861
2094,0.891564
5916,0.510496
9848,0.853636
4803,0.571095
2147,0.402851
295,0.785754
861,0.452000
3822,0.480353
5609,0.770071
9450,0.424242
4122,0.397245
10558,0.456411
4285,0.257272
6184,0.772842
7295,0.257272
1926,0.768201
5026,0.346163
7952,0.754083
4194,0.418469
639,0.627394
2130,0.469581
3119,0.477236
3251,0.497196
5803,0.450538
9553,0.440479
5937,0.822543
2133,0.424242
693,0.451001
5944,0.522623
2227,0.662649
9915,0.407578
4044,0.621779
6033,0.298154
3270,0.716678
7050,0.498753
6185,0.523348
7984,0.578845
2109,0.696020
2244,0.424242
2481,0.463193
4332,0.836247
6016,0.424242
10162,0.992342
2453,0.525522
6228,0.457220
6166,0.424242
1411,0.585076
254,0.424242
7479,0.485096
1476,0.476197
7801,0.755109
4988,0.504144
4694,0.520500
10194,0.543019
2574,0.726694
8334,0.400276
419,0.479395
8643,0.807509
2548,0.579684
4615,0.859776
8772,0.503996
10463,0.769633
6756,0.424242
1503,0.874765
4095,0.427052
1723,0.757201
8829,0.464070
10085,0.587762
4796,0.469198
9756,0.418396
2158,0.396562
7273,0.482019
3056,0.514659
656,0.629599
3074,0.463832
4661,0.722625
3958,0.676777
4311,0.444396
8375,0.856172
7442,0.424242
3839,0.424242
6179,0.217991
3786,0.529121
8520,0.761276
3664,0.403291
2014,0.838016
8298,0.480949
4220,0.257272
10127,0.881741
6182,0.512637
3206,0.725010
8503,0.651612
5682,0.746043
5699,0.442811
6215,0.806705
1394,0.374574
9582,0.588332
10070,0.900583
4940,0.797439
4193,0.396057
3400,0.551611
4785,0.461326
7460,0.676176
5838,0.501769
2503,0.424242
2730,0.731273
7156,0.466533
5511,0.753502
438,0.770547
2233,0.837192
2016,0.439372
139,0.588295
384,0.424242
2313,0.424242
5145,0.890574
7864,0.424242
1195,0.885010
5365,0.425039
6977,0.424242
10001,0.290176
567,0.281046
9950,0.712404
157,0.498038
6553,0.755643
7337,0.457996
349,0.521615
4874,0.424242
10313,0.744673
8421,0.424242
9469,0.318648
9314,0.842030
3663,0.307222
7216,0.506798
8871,0.424242
5743,0.804411
2072,0.555513
2654,0.415211
5908,0.498615
9863,0.511644
457,0.520944
6965,0.428807
3030,0.409704
7765,0.475916
748,0.398253
6304,0.473375
9606,0.483440
10351,0.467266
406,0.848523
8120,0.388790
8486,0.845387
6998,0.741876
77,0.738933
841,0.458317
7709,0.421152
7404,0.848580
5606,0.596916
965,0.757356
3163,0.378000
10192,0.523746
6163,0.280297
9865,0.471000
9518,0.197714
1267,0.431552
2051,0.832839
2046,0.447999
1464,0.854434
2153,0.328344
6612,0.505323
4971,0.541302
866,0.499359
4124,0.455097
5086,0.728579
4351,0.496213
8101,0.450267
7912,0.531930
2504,0.800162
2837,0.384618
2034,0.639600
4844,0.767271
7780,0.447630
5901,0.361246
3296,0.000000
7299,0.671448
8574,0.553446
7472,0.746026
2276,0.437694
5980,0.446786
3184,0.534308
4359,0.516734
1064,0.672964
9039,0.387618
6376,0.507850
1706,0.424242
7970,0.444258
3540,0.733656
1407,0.424242
4561,0.564637
6691,0.736538
7172,0.493799
1923,0.424242
4407,0.684768
6777,0.483181
2600,0.555067
1936,0.414859
9778,0.386592
2766,0.583591
6668,0.731747
9013,0.570952
4319,0.240336
3263,0.708273
1612,0.822030
5132,0.541005
216,0.847854
7232,0.424242
9373,0.457300
5030,0.571795
10107,0.424242
8309,0.721894
8449,0.564651
6961,0.506916
4954,0.425158
7344,0.744412
8146,0.756834
1132,0.740816
6145,0.805697
1353,0.601789
3624,0.786155
5058,0.779322
9789,0.424242
7290,0.474308
8583,0.424242
1088,0.794267
9210,0.507706
8240,0.444052
3326,0.434240
6315,0.718453
8410,0.722942
4535,0.526660
5991,0.627953
1874,0.497115
1898,0.445944
3557,0.805467
8587,0.771534
4190,0.318648
7261,0.669216
6854,0.548686
9375,0.424242
6317,0.733948
7713,0.668900
7058,0.747523
7628,0.491809
3513,0.557598
7953,0.830861
3445,0.491118
8461,0.678459
2834,0.498203
3414,0.424242
9262,0.758260
9235,0.409364
3146,0.386455
3379,0.501230
1701,0.569206
5527,0.383843
8031,0.623915
4032,0.741713
9782,0.731681
7656,0.631674
2985,0.785979
9334,0.587517
3343,0.424242
4760,0.456830
10311,0.783207
2609,0.608951
5117,0.452094
6724,0.899710
671,0.811539
798,0.480238
2341,0.608986
4262,0.837428
1950,0.793113
799,0.853561
2575,0.775989
660,0.592653
6432,0.424242
3168,0.867962
7435,0.823855
4010,0.837895
2882,0.636658
5930,0.774066
7716,0.479883
4054,0.469786
3148,0.494473
670,0.386476
3519,0.457067
5770,0.403658
8876,0.559601
8357,0.424242
1620,0.619873
8558,0.496386
6786,0.703668
3825,0.424242
5857,0.364640
7685,0.559174
3947,0.509521
6449,0.346096
8636,0.424242
6046,0.527237
3205,0.542871
9435,0.699895
6865,0.357569
281,0.840317
6922,0.480834
3536,0.441516
4555,0.324998
5364,0.576471
2483,0.779195
3524,0.617342
3117,0.501211
1152,0.491319
3912,0.486980
1297,0.646349
2896,0.383818
5804,0.786664
5722,0.624705
189,0.365364
2376,0.517987
4635,0.485025
4801,0.746641
5972,0.463957
2461,0.447170
1168,0.437039
5136,0.674084
7806,0.704414
2559,0.748769
2139,0.608401
10562,0.424242
1497,0.496467
4757,0.557296
1354,0.473177
5896,0.781743
6453,0.434071
1426,0.465634
4271,0.383148
7673,0.711685
7782,0.367526
8181,0.500618
1797,0.539656
8615,0.845742
3097,0.752300
5306,0.502982
9633,0.497752
8700,0.418510
9876,0.751139
8045,0.491661
7750,0.480453
6370,0.613343
7093,0.465929
8018,0.436234
1118,0.424242
4849,0.678630
9627,0.389856
829,0.457112
4164,0.501918
1707,0.803132
6752,0.386026
6236,0.461487
4052,0.362365
5283,0.424242
2856,0.707410
4630,0.552887
9563,0.746707
6576,0.742183
5721,0.449284
4305,0.670871
8972,0.463793
1694,0.706747
3582,0.817857
3913,0.546675
470,0.600792
4195,0.456444
3422,0.346713
9744,0.568385
4206,0.394358
7971,0.717306
141,0.555846
1994,0.811623
1602,0.675346
1031,0.479319
9150,0.538953
8528,0.483586
7545,0.445505
7448,0.359263
1821,0.497401
10075,0.535957
5242,0.434228
822,0.369041
4826,0.216060
910,0.424242
10147,0.424242
2018,0.742946
8916,0.542026
4880,0.562187
184,0.481338
6081,0.686163
4281,0.511976
7418,0.896657
6054,0.223474
7972,0.424242
4894,0.816757
5313,0.607105
5046,0.355069
7183,0.497100
5347,0.500134
5051,0.608521
495,0.591370
5985,0.720280
1227,0.751463
7594,0.599534
6178,0.339298
9344,0.675672
3681,0.799626
2805,0.704554
8237,0.422164
5139,0.672258
2347,0.492170
1978,0.400758
7824,0.424242
873,0.732551
2569,0.465751
4704,0.792525
6974,0.631309
4454,0.432064
35,0.510734
8231,0.474609
9280,0.460072
6567,0.514915
2088,0.791123
925,0.760058
9958,0.444802
5234,0.526205
7623,0.424242
6074,0.566850
8115,0.482921
10462,0.784074
5008,0.424242
1256,0.482438
5001,0.502457
6885,0.444819
7509,0.665100
6251,0.736359
7250,0.674015
9502,0.624092
267,0.481150
4109,0.555477
819,0.424954
9397,0.579740
3707,0.528780
870,0.720144
10203,0.424242
9241,0.646323
5215,0.424242
982,0.711986
3878,0.382003
1847,0.424242
10457,0.897519
7811,0.424242
6205,0.410138
8311,0.435863
7657,0.424242
8174,0.424242
2119,0.508478
7893,0.619500
7754,0.708858
3684,0.424242
3585,0.561800
300,0.405386
9176,0.775935
5879,0.809727
1457,0.753401
5040,0.671821
1862,0.481837
9749,0.815984
161,0.896082
6134,0.773417
4995,0.164858
54,0.403962
5125,0.363273
2032,0.463233
8210,0.423673
3816,0.448570
1769,0.755657
6156,0.606458
8667,0.787524
2974,0.478358
3417,0.321565
2835,0.558279
1668,0.675966
10028,0.500460
5619,0.548453
3169,0.610916
9153,0.440259
8746,0.834525
8049,0.607725
10564,0.707658
8691,0.431473
2765,0.846850
52,0.502568
2663,0.542256
3014,0.694734
9453,0.796555
8078,0.444357
2356,0.424242
7595,0.679189
2195,0.424242
7633,0.811622
1259,0.474567
5214,0.435813
531,0.538938
2398,0.605120
5458,0.820887
2794,0.557747
153,0.322139
256,0.574943
8787,0.425085
4496,0.709372
9649,0.451408
461,0.411457
502,0.341665
529,0.443595
5529,0.517985
9391,0.850203
1032,0.634730
9896,0.451246
5557,0.584572
1836,0.427126
3476,0.489889
7104,0.449108
5480,0.489246
1717,0.508538
1333,0.877282
1806,0.477086
8297,0.526572
2806,0.282716
3407,0.424242
10518,0.489345
6043,0.472749
8857,0.733626
8456,0.489252
427,0.453117
4028,0.558471
1988,0.477624
7354,0.454942
2393,0.523939
452,0.581004
5445,0.616462
7637,0.705858
5486,0.556204
4175,0.570807
6068,0.469085
8968,0.506809
9384,0.652111
7470,0.549733
9319,0.747032
5817,0.854188
10294,0.790680
1313,0.424242
10181,0.497160
5269,0.289648
127,0.399416
989,0.742295
10234,0.424242
4799,0.818048
3834,0.454833
9206,0.424242
4753,0.422598
4437,0.460827
3520,0.747176
10124,0.363977
1318,0.424242
2055,0.570535
690,0.857024
1294,0.494604
6522,0.865964
4453,0.446948
624,0.399618
2863,0.717225
4922,0.424242
4120,0.397243
8164,0.456483
2317,0.399146
6058,0.391332
1428,0.623254
3577,0.807938
5811,0.652061
1430,0.620218
4488,0.505692
9634,0.805713
4482,0.728832
4580,0.804883
2571,0.385036
10499,0.726387
3932,0.348081
377,0.702086
5851,0.422448
6384,0.742539
6470,0.480564
8505,0.424242
4268,0.601324
10397,0.512940
4309,0.422661
1949,0.636242
2097,0.424242
9709,0.535974
4936,0.567155
4033,0.476027
3828,0.579894
8862,0.338366
374,0.517477
401,0.837682
10015,0.781438
7613,0.300609
4397,0.719301
2329,0.684084
4733,0.752608
1552,0.424242
2486,0.720992
940,0.559021
7118,0.674776
8060,0.690148
1550,0.420334
6202,0.435080
8980,0.792550
8162,0.739154
10066,0.391896
7981,0.600816
7336,0.837546
6277,0.605719
1670,0.688090
6007,0.435174
7832,0.643121
2612,0.466628
8320,0.797421
1779,0.801858
6107,0.439273
2537,0.849382
2726,0.783419
8717,0.529040
2201,0.424242
6276,0.405433
3293,0.497479
7907,0.728219
7321,0.416597
840,0.554332
1081,0.333332
8289,0.661957
343,0.473213
8184,0.407724
7166,0.838386
8805,0.798850
9407,0.424242
5573,0.405460
9330,0.885655
2215,0.681669
4105,0.350232
7699,0.486642
5850,0.427087
10228,0.727848
638,0.559631
5633,0.475260
5919,0.476187
4573,0.424242
7164,0.424242
5093,0.805182
9815,0.567797
8411,0.761123
8955,0.816518
9556,0.424242
7349,0.424242
8436,0.909880
2631,0.841530
2739,0.820449
3930,0.424242
6833,0.424242
9186,0.809373
3150,0.414166
8328,0.675985
4006,0.706208
3065,0.447558
3305,0.440770
2506,0.505069
9737,0.494712
5178,0.420035
9452,0.514202
10111,0.735235
1652,0.466121
10134,0.424242
7247,0.523147
4363,0.828627
1712,0.837560
4232,0.452430
5626,0.384672
3049,0.747881
5397,0.418478
8637,0.412910
8785,0.424242
4438,0.704009
1410,0.197714
6902,0.349198
187,0.488594
3883,0.502026
3988,0.819671
5620,0.454862
2904,0.390992
3926,0.343367
9020,0.508049
2947,0.645327
2364,0.852453
5291,0.785294
7078,0.221266
4477,0.408717
4333,0.750040
9247,0.579847
6957,0.449444
7281,0.444823
4012,0.424242
975,0.726558
8037,0.719857
10408,0.833268
2900,0.566056
6457,0.849019
9292,0.529233
2115,0.501021
9001,0.864870
8981,0.463379
6085,0.424242
49,0.446902
210,0.429819
1607,0.497068
5256,0.534199
3170,0.869104
147,0.705195
7627,0.788461
83,0.443935
3686,0.398013
5133,0.695595
935,0.202841
2875,0.489325
7277,0.360392
55,0.786676
1253,0.550312
3406,0.665023
2474,0.876150
8451,0.427587
7301,0.764929
8466,0.435738
7499,0.721595
4926,0.795205
9033,0.447693
3999,0.371653
1017,0.453331
947,0.707682
7798,0.570602
6280,0.455687
6393,0.498548
8056,0.429619
9003,0.433852
4481,0.217328
5134,0.547143
4804,0.519783
34,0.455588
5659,0.854253
4519,0.390471
6272,0.716815
765,0.423296
3752,0.584749
1753,0.531136
2123,0.386253
1802,0.437245
7678,0.579049
4547,0.504747
3793,0.388712
7453,0.522004
5330,0.553304
4093,0.795271
2362,0.529214
7116,0.400105
3135,0.607394
10536,0.399441
8484,0.197714
9002,0.545724
10204,0.474927
7570,0.468469
1275,0.904285
3630,0.424242
9096,0.367635
3475,0.399717
4818,0.601864
2019,0.460141
10402,0.469973
643,0.595319
9927,0.265118
2827,0.252104
288,0.654525
7886,0.777858
6584,0.814027
5554,0.837825
6329,0.461144
1233,0.424242
2541,0.308681
1150,0.223458
8459,0.825264
1814,0.431210
5564,0.453326
4306,0.616843
2144,0.428347
9792,0.414769
4634,0.348418
10084,0.458803
9847,0.391075
8510,0.424242
8921,0.600886
2509,0.673999
2111,0.643916
7505,0.525231
556,0.419107
9596,0.879182
1863,0.440306
8172,0.452328
8404,0.832274
3607,0.516618
7802,0.490473
3503,0.429880
5624,0.424242
331,0.674188
542,0.827719
9705,0.475675
3592,0.424242
5018,0.618316
5800,0.809360
8651,0.424621
7600,0.248317
9509,0.445719
5431,0.534654
7454,0.439516
8106,0.399860
3137,0.807414
702,1.000000
6287,0.711126
5657,0.461187
8027,0.477432
5350,0.413889
30,0.689821
2677,0.437290
3898,0.447659
9451,0.855857
9949,0.637238
8074,0.344192
6618,0.829587
8351,0.471136
7861,0.866007
8914,0.424242
9820,0.583344
9148,0.824238
1334,0.450431
1684,0.566280
6414,0.470690
6967,0.522944
1726,0.501803
9178,0.411662
6642,0.474217
1024,0.813635
6437,0.449630
7042,0.826687
5319,0.515330
4594,0.568964
3702,0.737794
4882,0.657883
4243,0.527362
4750,0.436186
5735,0.668136
1432,0.424242
7576,0.745801
7455,0.424242
5563,0.386445
2291,0.811061
5386,0.494850
8490,0.494582
2357,0.402675
5473,0.780393
7091,0.682576
2464,0.470404
2801,0.776451
6604,0.743868
2122,0.751212
4320,0.865999
1841,0.692276
8129,0.496984
3149,0.533456
10525,0.802193
1869,0.481638
8664,0.313682
1941,0.521282
5216,0.544643
7993,0.425443
7327,0.526355
4076,0.445975
6544,0.424242
3300,0.530976
9139,0.556017
6761,0.708970
2220,0.424242
5661,0.502445
1676,0.420554
1572,0.679659
9545,0.452581
212,0.640986
2498,0.319016
5758,0.539294
241,0.847762
7872,0.647064
10546,0.464278
9615,0.595893
882,0.324558
5753,0.458915
547,0.469869
10275,0.408663
7686,0.846708
6508,0.753050
4296,0.731867
6625,0.712233
404,0.333112
1289,0.477984
5239,0.562723
10261,0.581939
2649,0.498978
9886,0.838509
5341,0.468417
869,0.622635
5533,0.681286
1560,0.829327
9892,0.437706
1933,0.289382
5885,0.418612
7833,0.399901
7296,0.424648
7373,0.668451
8983,0.375365
5842,0.424242
2194,0.436692
132,0.585274
2659,0.577158
7896,0.432522
7887,0.614136
5745,0.778700
2409,0.690605
2253,0.751065
1434,0.677778
6946,0.428432
6510,0.568595
6982,0.237523
8999,0.497103
5170,0.521287
10158,0.473496
234,0.424242
9034,0.635462
3801,0.768740
3887,0.424242
10361,0.525006
5385,0.873182
6575,0.780408
3560,0.382562
2112,0.670869
4307,0.678055
8704,0.677989
10476,0.661979
4637,0.466887
2953,0.850908
1320,0.776848
3264,0.554211
7904,0.802011
9144,0.832241
4494,0.690086
4819,0.772782
3781,0.424242
3459,0.535979
5681,0.424242
6507,0.639780
3722,0.759925
398,0.478483
9377,0.627034
978,0.424242
3104,0.893134
2693,0.545085
3803,0.734476
9533,0.796137
1173,0.424242
10307,0.708860
10326,0.479266
5113,0.469119
1116,0.694733
10452,0.654926
8013,0.497451
6491,0.327720
9906,0.887779
7531,0.424242
102,0.487969
5233,0.835395
1661,0.884810
8280,0.411712
1000,0.727313
3743,0.672979
1501,0.837461
3809,0.481059
8647,0.828424
1959,0.218973
1690,0.483379
5498,0.674542
837,0.508393
8788,0.727294
4114,0.665051
1413,0.695003
6836,0.822096
4240,0.424242
1908,0.872018
5750,0.424242
10087,0.503480
2680,0.565460
4323,0.739503
4439,0.753398
8517,0.525070
933,0.726230
33,0.710531
4295,0.218973
3258,0.516285
7497,0.394374
9276,0.424242
9811,0.507541
3833,0.424242
7682,0.216060
1748,0.518205
3693,0.472886
3608,0.577322
10230,0.424242
5468,0.572996
10464,0.763601
6932,0.578423
3616,0.424242
9603,0.739141
10394,0.696482
5509,0.681509
3731,0.873893
5827,0.400860
10527,0.775782
7004,0.777568
3210,0.664954
59,0.771736
2660,0.770962
1909,0.523147
8569,0.732978
2862,0.405001
5966,0.424242
2639,0.380092
6838,0.735386
9527,0.441157
5345,0.642079
7702,0.638494
3242,0.315279
6516,0.340588
10412,0.384824
8213,0.424242
2598,0.885472
6193,0.483543
9593,0.815140
6646,0.882994
5388,0.424242
6413,0.691025
1540,0.440966
8660,0.458815
2999,0.424242
3194,0.361116
9437,0.764287
9473,0.557644
877,0.364640
9640,0.424242
4434,0.527435
8385,0.424242
2542,0.424242
3281,0.521345
7820,0.484055
1418,0.854439
6079,0.424242
3685,0.477806
9361,0.332351
3364,0.756499
7495,0.527128
8226,0.690352
8043,0.534262
9924,0.404159
6018,0.424242
3,0.555179
4592,0.451774
10125,0.518122
8900,0.468300
7028,0.899034
3419,0.581129
5514,0.497413
2770,0.504626
5007,0.694344
1931,0.424242
9768,0.585932
3337,0.494063
703,0.424242
6685,0.494151
6064,0.397051
1881,0.394286
4842,0.577454
8432,0.498390
3569,0.510480
9797,0.424242
2829,0.190805
3739,0.485311
2128,0.560041
2372,0.475050
3354,0.424574
3321,0.721230
8532,0.886417
1800,0.584762
2560,0.397610
3936,0.694086
2588,0.508258
4890,0.816971
8912,0.870616
6192,0.344629
8658,0.426141
5272,0.569230
10404,0.718455
2299,0.475497
9419,0.373339
3018,0.605584
8642,0.638895
6594,0.269995
8852,0.394814
9212,0.449168
7081,0.703815
8469,0.311537
1372,0.424242
2514,0.448062
2311,0.426148
5548,0.453598
9024,0.583032
10324,0.405959
7735,0.328339
1488,0.899305
9130,0.877780
2307,0.820426
2374,0.270702
10519,0.814568
10264,0.756875
9908,0.492412
1073,0.491132
118,0.738050
8884,0.470327
242,0.427802
6300,0.484319
5422,0.522718
899,0.648101
773,0.430026
70,0.783949
9249,0.404427
8847,0.519167
432,0.411133
468,0.750632
7830,0.568463
4642,0.664269
1782,0.815108
8683,0.424242
8551,0.431489
5224,0.497410
922,0.424242
757,0.874424
1101,0.431049
6804,0.466359
9266,0.832083
6487,0.526524
5627,0.474862
4972,0.724950
3596,0.739508
1420,0.424242
10209,0.424242
8629,0.674174
3147,0.816543
9821,0.765634
10377,0.481001
456,0.399916
9887,0.549228
8864,0.522598
5665,0.443022
1764,0.500618
9198,0.847836
7536,0.424242
991,0.778758
1537,0.507622
3450,0.898940
5663,0.808513
4221,0.424242
3350,0.434107
943,0.327638
3203,0.541919
1144,0.457229
2334,0.817456
7074,0.748216
10071,0.621877
7540,0.842012
4143,0.349809
6643,0.424242
1067,0.347757
6356,0.745629
8133,0.329102
108,0.490886
308,0.424242
7432,0.525989
2652,0.710113
4740,0.776922
7048,0.433908
490,0.424242
6808,0.405951
7990,0.538959
4460,0.467931
6803,0.851370
2414,0.424242
8085,0.368944
2031,0.833781
8476,0.675516
9840,0.821222
2853,0.479179
8114,0.694417
6245,0.865203
8918,0.446251
2621,0.522419
5344,0.424242
3775,0.397987
631,0.545124
10481,0.411103
8188,0.745740
9830,0.734767
5426,0.515130
6688,0.590598
4132,0.743347
588,0.692262
5600,0.504273
4743,0.440065
8711,0.448645
6039,0.479639
4576,0.424242
6941,0.480860
10202,0.545563
6632,0.424242
1079,0.563668
9642,0.575764
5401,0.424242
600,0.469509
4873,0.424242
5558,0.459646
483,0.451600
10378,0.725527
9004,0.451412
2809,0.858815
9542,0.832865
3215,0.457339
6924,0.424242
7213,0.714729
3105,0.855998
9771,0.877602
632,0.803548
3232,0.615441
1543,0.258170
2164,0.768895
4559,0.479825
9530,0.514905
2033,0.424242
2842,0.288341
4186,0.367096
4078,0.521967
8093,0.844959
7286,0.636048
7044,0.824018
9234,0.424242
8536,0.469011
307,0.903113
4382,0.732182
1350,0.407157
4632,0.640378
5639,0.550159
6445,0.424242
10511,0.371368
8601,0.494492
137,0.551648
2298,0.836413
8978,0.434627
7218,0.352327
856,0.465012
736,0.509070
7719,0.294408
3177,0.610589
2564,0.781712
3123,0.807645
4827,0.549682
6386,0.547393
708,0.710917
1414,0.875410
7190,0.657512
10298,0.587081
838,0.659102
10145,0.800544
3071,0.742737
5329,0.471550
462,0.594414
9809,0.466533
7279,0.791308
2707,0.453812
3671,0.701654
516,0.901019
10395,0.466717
8167,0.424242
2138,0.613484
5192,0.414693
1377,0.343614
1390,0.216547
1244,0.517999
8424,0.457037
205,0.424242
9592,0.599618
116,0.607088
8306,0.475306
7649,0.879965
9560,0.736673
2102,0.457029
10490,0.622502
97,0.424242
7618,0.590551
9413,0.216595
6148,0.424242
7147,0.841603
2430,0.807051
7539,0.758349
7475,0.661644
7796,0.823699
1582,0.551293
8454,0.417238
3164,0.561097
2375,0.767710
980,0.448575
10233,0.399465
2271,0.424242
7843,0.457365
6165,0.722283
3449,0.621117
8757,0.640992
9757,0.862012
6925,0.659184
6191,0.542375
6985,0.456327
9064,0.386445
2691,0.812704
657,0.587001
858,0.410545
6677,0.698274
642,0.530291
2627,0.460059
1569,0.737961
3674,0.410976
10095,0.559543
7423,0.424242
4993,0.444925
4983,0.216060
7070,0.877414
700,0.797592
2447,0.257272
2380,0.723216
8418,0.578843
1288,0.448252
9400,0.441320
8530,0.397445
784,0.460077
2969,0.480681
892,0.790389
5679,0.485980
4650,0.573642
994,0.843609
9751,0.863901
9462,0.412370
4958,0.778753
506,0.685872
4631,0.270702
4321,0.389804
5617,0.503707
7571,0.769822
6873,0.424242
7964,0.449106
4567,0.521354
7429,0.821840
3615,0.495962
8744,0.403098
1142,0.435532
6189,0.417985
3411,0.468892
9133,0.530746
5806,0.538713
2385,0.424242
801,0.738974
4672,0.424242
6530,0.424242
260,0.424242
6624,0.600003
2001,0.608073
8403,0.424242
4935,0.499202
7264,0.730013
9714,0.867382
5903,0.716983
3176,0.593160
7441,0.759509
