0.782722
0.329102
1.000000
0.416118
0.590650
0.506121
0.534590
0.846114
0.482812
0.420142
0.424242
0.424242
0.419651
0.421740
0.524803
0.687367
0.863258
0.842800
0.896355
0.467990
0.834041
0.644151
0.764785
0.318545
0.474360
0.557120
0.510400
0.424242
0.524621
0.386328
0.494637
0.449464
0.424242
0.241033
0.886616
0.382095
0.531392
0.806416
0.730714
0.580413
0.805461
0.776708
0.424242
0.710704
0.795209
0.613957
0.766929
0.636351
0.475123
0.525433
0.822024
0.809810
0.465789
0.388782
0.762361
0.465262
0.558522
0.317916
0.746379
0.482185
0.430987
0.714566
0.517264
0.291789
0.398291
0.445123
0.591604
0.550015
0.253323
0.647248
0.424242
0.785113
0.728621
0.424242
0.661527
0.457397
0.383818
0.850646
0.785309
0.804895
0.376687
0.820693
0.533043
0.834789
0.776616
0.358441
0.774065
0.779451
0.424242
0.474499
0.890303
0.495770
0.477511
0.424242
0.627022
0.699109
0.424242
0.437943
0.811559
0.495553
0.472830
0.773207
0.825707
0.783385
0.696857
0.424242
0.468463
0.687016
0.419185
0.434959
0.654004
0.680983
0.384824
0.504254
0.424242
0.470093
0.649340
0.657621
0.413097
0.650712
0.840169
0.360989
0.455708
0.402470
0.685195
0.254591
0.779848
0.474146
0.492293
0.771133
0.446710
0.466961
0.539174
0.661352
0.792720
0.424242
0.523862
0.880308
0.882259
0.613464
0.682817
0.767184
0.471920
0.598892
0.780454
0.298473
0.559708
0.269849
0.498172
0.464090
0.754516
0.822623
0.575296
0.418960
0.769382
1.000000
0.882650
0.760629
0.469729
0.547227
0.458768
0.851231
0.466375
0.448776
0.421273
0.666243
0.454392
0.684889
0.566472
0.475291
0.654539
0.652148
0.564773
0.883596
0.503051
0.399141
0.361264
0.702421
0.872030
0.426143
0.424242
0.424242
0.424242
0.424242
0.424242
0.599405
0.868009
0.855509
0.719382
0.677681
0.549957
0.570958
0.348452
0.838500
0.327871
0.444998
0.612070
0.399726
0.480188
0.465422
0.522486
0.605685
0.445294
0.836080
0.322139
0.608178
0.645881
0.419414
0.424242
0.512938
0.575123
0.783638
0.527838
0.499095
0.661834
0.901115
0.499768
0.552661
0.328042
0.509578
0.874290
0.424242
0.512666
0.424242
0.811961
0.756560
0.678791
0.484465
0.567657
0.405877
0.564259
0.262254
0.895155
0.777936
0.692032
0.424242
0.444162
0.750073
0.532293
0.898196
0.435457
0.707539
0.473382
0.696911
0.445017
0.785281
0.771092
0.615368
0.314348
0.836444
0.462243
0.652197
0.320794
0.414161
0.562433
0.424242
0.442757
0.805458
0.856967
0.291697
0.827099
0.580836
0.371917
0.504334
0.424242
0.442496
0.837973
0.643207
0.891011
0.501018
0.469048
0.787987
0.437375
0.393734
0.520957
0.723688
0.424242
0.677919
0.413522
0.568827
0.722469
0.630929
0.420153
0.390382
0.900555
0.396225
0.519899
0.378865
0.519238
0.661422
0.835958
0.412068
0.644248
0.479443
0.424242
0.445493
0.400383
0.420810
0.528448
0.465037
0.371027
0.856210
0.424242
0.392568
0.845080
0.415237
0.493818
0.269368
0.527309
0.420914
0.464943
0.429604
0.522862
0.707177
0.556307
0.629162
0.440990
0.826432
0.817692
0.419177
0.424242
0.424242
0.787946
0.823989
0.546036
0.451865
0.421170
0.798850
0.655215
0.398545
0.717236
0.760725
0.744641
0.857308
0.557113
0.644628
0.671798
0.416004
0.525243
0.783337
0.524063
0.499474
0.472617
0.385050
0.583875
0.746496
0.758750
0.420910
0.648406
0.873398
0.424242
0.438091
0.725901
0.538710
0.216060
0.442615
0.578692
0.710706
0.487603
0.799622
0.671489
0.603854
0.420427
0.564078
0.769511
0.422010
0.705486
0.739767
0.825504
0.518236
0.563272
0.857459
0.828585
0.424242
0.602407
0.652409
0.424242
0.676902
0.486290
0.385019
0.379617
0.557930
0.485940
0.606474
0.793007
0.847657
0.825127
0.424242
0.754293
0.788013
0.669464
0.448507
0.392739
0.530586
0.416396
0.536434
0.311868
0.451031
0.351987
0.456731
0.431888
0.487443
0.462243
0.424242
0.500419
0.767200
0.485400
0.445083
0.442783
0.555843
0.789579
0.480230
0.657526
0.444241
0.454324
0.746827
0.631747
0.478098
0.496028
0.894614
0.511339
0.520953
0.474558
0.905322
0.271456
0.796468
0.424242
0.546739
0.441814
0.791458
0.461572
0.238103
0.820940
0.448208
0.800394
0.679753
0.353577
0.509661
0.424242
0.856529
0.472983
0.424242
0.612298
0.374166
0.786865
0.619297
0.424242
0.540856
0.902878
0.424242
0.424242
0.395204
0.828220
0.700420
0.424569
0.556459
0.424242
0.424242
0.524912
0.439973
0.216060
0.424242
0.387139
0.472708
0.863162
0.541332
0.489678
0.518761
0.424242
0.905033
0.517878
0.493560
0.424242
0.475843
0.485977
0.406079
0.800059
0.424242
0.424242
0.749139
0.415924
0.729951
0.745084
0.475583
0.541165
0.499970
0.795411
0.769592
0.424242
0.424242
0.393578
0.424242
0.800550
0.424242
0.424242
0.464261
0.730403
0.397917
0.395333
0.552186
0.492451
0.596604
0.534128
0.363978
0.778017
0.392936
0.424242
0.828758
0.894652
0.525472
0.461431
0.320892
0.445027
0.401685
0.463763
0.747430
0.480715
0.424242
0.501072
0.517952
0.690952
0.424242
0.521581
0.759483
0.747750
0.489525
0.395319
0.668780
0.733254
0.889785
0.793240
0.473030
0.591632
0.547382
0.410865
0.442211
0.395641
0.806721
0.444070
0.531763
0.757774
0.841168
0.582670
0.820742
0.420235
0.495593
0.524588
0.565908
0.424242
0.473030
0.424242
0.712694
0.399528
0.460508
0.424242
0.331868
0.439249
0.602889
0.312521
0.667695
0.491476
0.850701
0.780464
0.424242
0.762389
0.424242
0.268556
0.636989
0.216060
0.736945
0.216060
0.721546
0.424242
0.645550
0.655845
0.768499
0.496978
0.432787
0.369738
0.424242
0.485822
0.484298
0.456618
0.448266
0.333334
0.757744
0.646181
0.420730
0.424242
0.746597
0.387527
0.390739
0.424242
0.668892
0.500745
0.842227
0.831529
0.701742
0.505710
0.424242
0.424242
0.475050
0.513674
0.424242
0.823944
0.726902
0.663160
0.570922
0.166667
0.897140
0.815757
0.481686
0.419074
0.647538
0.806724
0.462075
0.819636
0.424242
0.485042
0.487962
0.435115
0.584777
0.515685
0.526340
0.434806
0.410942
0.424242
0.420525
0.571771
0.424242
0.829089
0.424242
0.459783
0.375427
0.369665
0.783784
0.736524
0.426055
0.567329
0.341665
0.430265
0.522813
0.484435
0.444257
0.492155
0.865895
0.810395
0.761472
0.656737
0.469312
0.521328
0.424242
0.810477
0.722324
0.715978
0.706692
0.418861
0.426653
0.971124
0.624079
0.364226
0.444946
0.480273
0.443755
0.425262
0.784652
0.454393
0.504171
0.744887
0.512463
0.441498
0.808266
0.829474
0.615128
0.501261
0.476690
0.644440
0.491855
0.655228
0.517111
0.644066
0.500369
0.750750
0.843535
0.425755
0.389033
0.757110
0.424242
0.414683
0.536808
0.573092
0.598460
0.776866
0.653408
0.513539
0.532646
0.705225
0.501964
0.858075
0.527184
0.226702
0.000000
0.471420
0.298214
0.848646
0.484132
0.000000
0.404340
0.242137
0.424242
0.556846
0.450121
0.426780
0.605346
0.424242
0.967531
0.899785
0.464147
0.565601
0.508376
0.424242
0.701301
0.510088
0.736694
0.786850
0.759727
0.559627
0.781593
0.617842
0.820562
0.379621
0.223458
0.678512
0.513078
0.795960
0.735031
0.488594
0.494964
0.605848
0.485743
0.467039
0.817178
0.790853
0.906805
0.424242
0.424242
0.488555
0.444629
0.741681
0.497797
0.542289
0.499579
0.458500
0.507732
0.629553
0.584838
0.446519
0.414093
0.429666
0.799272
0.607977
0.529990
0.588925
0.504819
0.487912
0.788499
0.869451
0.391815
0.786513
0.453618
0.800451
0.494098
0.424242
0.527052
0.638739
0.819059
0.424242
0.860718
0.388021
0.733341
0.404970
0.638271
0.515939
0.553904
0.695596
0.415090
0.740534
0.451362
0.733711
0.656735
0.530122
0.527330
0.424242
0.572918
0.751662
0.894562
0.485356
0.619780
0.397760
0.601864
0.439594
0.218973
0.494443
0.564211
0.727993
0.524917
0.303074
0.874588
0.424242
0.472566
0.846390
0.657207
0.478741
0.508934
0.594922
0.477077
0.460203
0.462341
0.424242
0.500440
0.859686
0.477850
0.328914
0.559089
0.443846
0.379646
0.875042
0.448742
0.240543
0.694896
0.378402
0.755445
0.550099
0.431640
0.557471
0.664740
0.597472
0.424242
0.479379
0.424242
0.257834
0.419589
0.399241
0.469849
0.676080
0.405883
0.783762
0.797293
0.424242
0.491842
0.684932
0.816401
0.376938
0.344978
0.416243
0.732366
0.424242
0.481383
0.578217
0.897878
0.857964
0.553264
0.588378
0.687598
0.590239
0.520489
0.581510
0.625812
0.281046
0.412151
0.434937
0.766296
0.733648
0.416935
0.619759
0.424242
0.490123
0.889381
0.785912
0.561761
0.808706
0.568588
0.565153
0.688924
0.812111
0.439871
0.377434
0.524460
0.786089
0.447942
0.479741
0.632149
0.872364
0.578439
0.424242
0.658626
0.424242
0.329121
0.710463
0.685289
0.424242
0.673633
0.503706
0.678856
0.383653
0.823971
0.396546
0.721749
0.498092
0.779616
0.544688
0.519083
0.606048
0.452407
0.424242
0.554872
0.706453
0.522182
0.555371
0.483895
0.885262
0.808765
0.412224
0.386731
0.254537
0.366468
0.495468
0.485020
0.729249
0.423711
0.414061
0.482379
0.403457
0.565138
0.397201
0.543391
0.623944
0.461144
0.532044
0.784207
0.424242
0.700052
0.844696
0.603668
0.428185
0.751014
0.405409
0.483286
0.457204
0.740779
0.424242
0.743271
0.896363
0.740706
0.852836
0.424242
0.648900
0.632011
0.524694
0.462898
0.587358
0.414441
0.728799
0.597056
0.406469
0.768484
0.435860
0.612561
0.776622
0.545795
0.475792
0.674222
0.415410
0.540724
0.855906
0.658504
0.257272
0.523924
0.429485
0.502340
0.539196
0.683593
0.360998
0.432503
0.625911
0.433975
0.801861
0.430428
0.743466
0.845735
0.821690
0.727342
0.649971
0.553118
0.822329
0.479092
0.776851
0.485800
0.859777
0.822158
0.576086
0.602888
0.630770
0.519771
0.228834
0.424242
0.745737
0.494283
0.482046
0.424242
0.491820
0.614893
0.460791
0.424242
0.798742
0.424242
0.704345
0.752038
0.898482
0.474149
0.436570
0.424300
0.776451
0.550675
0.697878
0.711226
0.456715
0.659829
0.861702
0.458008
0.500516
0.828303
0.424242
0.569670
0.412581
0.462584
0.452661
0.419240
0.784590
0.469128
0.783388
0.498864
0.424242
0.440496
0.409073
0.894520
0.470677
0.501992
0.748326
0.525187
0.867766
0.422250
0.424242
0.638105
0.424242
0.431663
0.546073
0.609799
0.710493
0.562333
0.633604
0.424242
0.602819
0.836472
0.329415
0.702777
0.429812
0.478397
0.607517
0.499030
0.252048
0.400370
0.761840
0.738422
0.424242
0.824445
0.819427
0.493100
0.796567
0.422982
0.847721
0.512314
0.249560
0.461530
0.486647
0.554521
0.665802
0.879153
0.442398
0.693137
0.674127
0.807122
0.361052
0.603137
0.765158
0.000000
0.476370
0.636710
0.406962
0.511246
0.845306
0.463115
0.394934
0.519026
0.368355
0.620311
0.783357
0.448774
0.746191
0.845139
0.863755
0.397987
0.610299
0.762765
0.424242
0.761069
0.424242
0.216060
0.259449
0.785043
0.784268
0.490318
0.424242
0.424242
0.480406
0.569739
0.849617
0.508273
0.745836
0.507042
0.732371
0.485389
0.629576
0.644443
0.634789
0.545169
0.581746
0.803459
0.418397
0.646793
0.460874
0.809972
0.662499
0.892997
0.702815
0.598243
0.652644
0.788963
0.424242
0.424242
0.505003
0.424878
0.431243
0.632608
0.424242
0.765326
0.566696
0.573131
0.462133
0.753537
0.452040
0.398527
0.554777
0.357946
0.491760
0.596657
0.257272
0.477744
0.500240
0.500178
0.413872
0.406353
0.696206
0.482593
0.522372
0.751301
0.859752
0.424242
0.783982
0.492507
0.727167
0.452275
0.417667
0.434429
0.820041
0.816504
0.478040
0.745921
0.835390
0.476035
0.488432
0.684397
0.424242
0.851173
0.494332
0.424242
0.548782
0.711343
0.716129
0.564969
0.395119
0.471449
0.388133
0.500063
0.452740
0.401704
0.434749
0.875053
0.523802
0.554560
0.528647
0.398772
0.812634
0.448040
0.481433
0.851480
0.573925
0.489673
0.483087
0.803463
0.700298
0.629404
0.842382
0.466720
0.428124
0.429680
0.474426
0.485315
0.396961
0.282836
0.489401
0.496443
0.478142
0.453024
0.452715
0.445235
0.446950
0.806011
0.424242
0.520095
0.406416
0.831309
0.730638
0.772284
0.451974
0.474583
0.708968
0.768246
0.767334
0.772491
0.583569
0.730036
0.613104
0.809116
0.559635
0.387205
0.466915
0.590205
0.455848
0.598594
0.754464
0.532835
0.541006
0.640648
0.426463
0.768105
0.911655
0.740781
0.526950
0.602732
0.794623
0.530388
0.423197
0.722282
0.585119
0.518233
0.164858
0.852085
0.525446
0.444354
0.473947
0.870590
0.299966
0.706364
0.416801
0.503058
0.456055
0.870733
0.473905
0.719843
0.871322
0.878683
0.782919
0.532478
0.890147
0.572277
0.451222
0.520797
0.562607
0.519223
0.479131
0.471153
0.857746
0.445107
0.727938
0.565045
0.424242
0.574479
0.424242
0.829178
0.761829
0.333109
0.760390
0.665349
0.418422
0.445024
0.410310
0.472011
0.520097
0.760225
0.789579
0.424242
0.351987
0.424242
0.501556
0.708232
0.375730
0.552328
0.788769
0.740001
0.450420
0.497756
0.769108
0.803002
0.419524
0.416765
0.768079
0.808735
0.413329
0.789651
0.796921
0.590503
0.790912
0.612549
0.757323
0.637064
0.600714
0.627914
0.751264
0.846943
0.833145
0.490365
0.424242
0.470371
0.396224
0.637303
0.431605
0.488632
0.377353
0.805457
0.600452
0.562930
0.701733
0.354836
0.617947
0.805424
0.499021
0.424242
0.537039
0.424242
0.424242
0.456710
0.424242
0.462553
0.384155
0.789807
0.602757
0.541290
0.785353
0.322107
0.381406
0.470843
0.763659
0.851211
0.592708
0.474603
0.424242
0.480307
0.585876
0.621776
0.481694
0.548371
0.768637
0.742216
0.802702
0.424242
0.766009
0.424242
0.372257
0.424242
0.529570
0.371953
0.661028
0.497065
0.424242
0.424242
0.424242
0.371047
0.424242
0.856494
0.473810
0.430331
0.455515
0.466312
0.548817
0.466127
0.708872
0.721284
0.716006
0.744370
0.614750
0.805497
0.819108
0.424242
0.424242
0.440205
0.318648
0.437365
0.428592
0.745864
0.693001
0.496924
0.493949
0.695613
0.425804
0.431975
0.708583
0.656064
0.580167
0.703632
0.424242
0.484534
0.568905
0.424242
0.424242
0.450609
0.417001
0.604698
0.874855
0.424242
0.733308
0.364525
0.475945
0.487686
0.789797
0.468859
0.461130
0.508819
0.439972
0.416935
0.670148
0.424242
0.534377
0.866977
0.439763
0.424242
0.737767
0.393161
0.511301
0.793167
0.747588
0.393106
0.812260
0.858522
0.512289
0.489996
0.855053
0.424242
0.762224
0.630902
0.424242
0.424242
0.713166
0.868842
0.447947
0.230739
0.700612
0.659624
0.678791
0.463167
0.217991
0.887409
0.662879
0.656013
0.617518
0.660795
0.522490
0.777451
0.627220
0.371743
0.717215
0.773930
0.495723
0.499468
0.489015
0.886641
0.801708
0.705629
0.766057
0.424242
0.790581
0.760813
0.868033
0.424242
0.482508
0.805211
0.733038
0.780809
0.580285
0.794802
0.425470
0.459891
0.424242
0.588380
0.820287
0.792625
0.559974
0.542267
0.698566
0.424242
0.901424
0.434071
0.424242
0.542942
0.516330
0.730805
0.695520
0.855144
0.582175
0.730167
0.861515
0.396999
0.571637
0.695647
0.363652
0.492204
0.863493
0.612988
0.424242
0.456437
0.456938
0.697900
0.436724
0.448978
0.424242
0.825815
0.220787
0.506276
0.782161
0.605056
0.443273
0.865251
0.839428
0.500667
0.430170
0.723362
0.424242
0.651477
0.344884
0.494711
0.795016
0.733747
0.424242
0.424242
0.472333
0.777351
0.831627
0.488447
0.424242
0.424242
0.420002
0.740957
0.439652
0.858722
0.715563
0.683432
0.644213
0.350336
0.458779
0.805193
0.496951
0.845514
0.522944
0.531432
0.424242
0.797784
0.828659
0.610732
0.424242
0.516752
0.569904
0.466844
0.485185
0.364619
0.424242
0.723739
0.640457
0.825057
0.817954
0.496443
0.644517
0.462402
0.834000
0.424242
0.843140
0.493246
0.470891
0.454901
0.424242
0.650621
0.771730
0.393433
0.457377
0.377114
0.500939
0.488374
0.418706
0.477311
0.456366
0.480273
0.555161
0.566949
0.842669
0.467415
0.807304
0.405068
0.602181
0.699390
0.487104
0.530863
0.646196
0.475334
0.537569
0.424242
0.424242
0.791058
0.424242
0.778972
0.755173
0.832789
0.581423
0.486662
0.767444
0.490456
0.477957
0.788251
0.865396
0.470554
0.802443
0.467834
0.688065
0.809663
0.424242
0.579712
0.480736
0.491241
0.679342
0.636409
0.422749
0.456355
0.424242
0.681045
0.507202
0.401340
0.690347
0.855145
0.654629
0.429575
0.469107
0.224942
0.742858
0.563877
0.602528
0.747697
0.676277
0.565705
0.463345
0.512935
0.518786
0.355087
0.374799
0.568436
0.309872
0.505821
0.379659
0.421759
0.424242
0.659133
0.466759
0.451562
0.424242
0.788843
0.721281
0.540124
0.508901
0.829814
0.553413
0.234850
0.466359
0.582564
0.436500
0.424242
0.683142
0.476234
0.396822
0.447163
0.692541
0.664652
0.715150
0.424242
0.395996
0.448707
0.424242
0.413369
0.519112
0.487755
0.534157
0.539108
0.840295
0.458986
0.825867
0.424242
0.341873
0.704158
0.442819
0.462015
0.743016
0.362139
0.473516
0.453863
0.461136
0.571508
0.419572
0.502861
0.710430
0.502271
0.424242
0.713668
0.419861
0.891564
0.510496
0.853636
0.571095
0.402851
0.785754
0.452000
0.480353
0.770071
0.424242
0.397245
0.456411
0.257272
0.772842
0.257272
0.768201
0.346163
0.754083
0.418469
0.627394
0.469581
0.477236
0.497196
0.450538
0.440479
0.822543
0.424242
0.451001
0.522623
0.662649
0.407578
0.621779
0.298154
0.716678
0.498753
0.523348
0.578845
0.696020
0.424242
0.463193
0.836247
0.424242
0.992342
0.525522
0.457220
0.424242
0.585076
0.424242
0.485096
0.476197
0.755109
0.504144
0.520500
0.543019
0.726694
0.400276
0.479395
0.807509
0.579684
0.859776
0.503996
0.769633
0.424242
0.874765
0.427052
0.757201
0.464070
0.587762
0.469198
0.418396
0.396562
0.482019
0.514659
0.629599
0.463832
0.722625
0.676777
0.444396
0.856172
0.424242
0.424242
0.217991
0.529121
0.761276
0.403291
0.838016
0.480949
0.257272
0.881741
0.512637
0.725010
0.651612
0.746043
0.442811
0.806705
0.374574
0.588332
0.900583
0.797439
0.396057
0.551611
0.461326
0.676176
0.501769
0.424242
0.731273
0.466533
0.753502
0.770547
0.837192
0.439372
0.588295
0.424242
0.424242
0.890574
0.424242
0.885010
0.425039
0.424242
0.290176
0.281046
0.712404
0.498038
0.755643
0.457996
0.521615
0.424242
0.744673
0.424242
0.318648
0.842030
0.307222
0.506798
0.424242
0.804411
0.555513
0.415211
0.498615
0.511644
0.520944
0.428807
0.409704
0.475916
0.398253
0.473375
0.483440
0.467266
0.848523
0.388790
0.845387
0.741876
0.738933
0.458317
0.421152
0.848580
0.596916
0.757356
0.378000
0.523746
0.280297
0.471000
0.197714
0.431552
0.832839
0.447999
0.854434
0.328344
0.505323
0.541302
0.499359
0.455097
0.728579
0.496213
0.450267
0.531930
0.800162
0.384618
0.639600
0.767271
0.447630
0.361246
0.000000
0.671448
0.553446
0.746026
0.437694
0.446786
0.534308
0.516734
0.672964
0.387618
0.507850
0.424242
0.444258
0.733656
0.424242
0.564637
0.736538
0.493799
0.424242
0.684768
0.483181
0.555067
0.414859
0.386592
0.583591
0.731747
0.570952
0.240336
0.708273
0.822030
0.541005
0.847854
0.424242
0.457300
0.571795
0.424242
0.721894
0.564651
0.506916
0.425158
0.744412
0.756834
0.740816
0.805697
0.601789
0.786155
0.779322
0.424242
0.474308
0.424242
0.794267
0.507706
0.444052
0.434240
0.718453
0.722942
0.526660
0.627953
0.497115
0.445944
0.805467
0.771534
0.318648
0.669216
0.548686
0.424242
0.733948
0.668900
0.747523
0.491809
0.557598
0.830861
0.491118
0.678459
0.498203
0.424242
0.758260
0.409364
0.386455
0.501230
0.569206
0.383843
0.623915
0.741713
0.731681
0.631674
0.785979
0.587517
0.424242
0.456830
0.783207
0.608951
0.452094
0.899710
0.811539
0.480238
0.608986
0.837428
0.793113
0.853561
0.775989
0.592653
0.424242
0.867962
0.823855
0.837895
0.636658
0.774066
0.479883
0.469786
0.494473
0.386476
0.457067
0.403658
0.559601
0.424242
0.619873
0.496386
0.703668
0.424242
0.364640
0.559174
0.509521
0.346096
0.424242
0.527237
0.542871
0.699895
0.357569
0.840317
0.480834
0.441516
0.324998
0.576471
0.779195
0.617342
0.501211
0.491319
0.486980
0.646349
0.383818
0.786664
0.624705
0.365364
0.517987
0.485025
0.746641
0.463957
0.447170
0.437039
0.674084
0.704414
0.748769
0.608401
0.424242
0.496467
0.557296
0.473177
0.781743
0.434071
0.465634
0.383148
0.711685
0.367526
0.500618
0.539656
0.845742
0.752300
0.502982
0.497752
0.418510
0.751139
0.491661
0.480453
0.613343
0.465929
0.436234
0.424242
0.678630
0.389856
0.457112
0.501918
0.803132
0.386026
0.461487
0.362365
0.424242
0.707410
0.552887
0.746707
0.742183
0.449284
0.670871
0.463793
0.706747
0.817857
0.546675
0.600792
0.456444
0.346713
0.568385
0.394358
0.717306
0.555846
0.811623
0.675346
0.479319
0.538953
0.483586
0.445505
0.359263
0.497401
0.535957
0.434228
0.369041
0.216060
0.424242
0.424242
0.742946
0.542026
0.562187
0.481338
0.686163
0.511976
0.896657
0.223474
0.424242
0.816757
0.607105
0.355069
0.497100
0.500134
0.608521
0.591370
0.720280
0.751463
0.599534
0.339298
0.675672
0.799626
0.704554
0.422164
0.672258
0.492170
0.400758
0.424242
0.732551
0.465751
0.792525
0.631309
0.432064
0.510734
0.474609
0.460072
0.514915
0.791123
0.760058
0.444802
0.526205
0.424242
0.566850
0.482921
0.784074
0.424242
0.482438
0.502457
0.444819
0.665100
0.736359
0.674015
0.624092
0.481150
0.555477
0.424954
0.579740
0.528780
0.720144
0.424242
0.646323
0.424242
0.711986
0.382003
0.424242
0.897519
0.424242
0.410138
0.435863
0.424242
0.424242
0.508478
0.619500
0.708858
0.424242
0.561800
0.405386
0.775935
0.809727
0.753401
0.671821
0.481837
0.815984
0.896082
0.773417
0.164858
0.403962
0.363273
0.463233
0.423673
0.448570
0.755657
0.606458
0.787524
0.478358
0.321565
0.558279
0.675966
0.500460
0.548453
0.610916
0.440259
0.834525
0.607725
0.707658
0.431473
0.846850
0.502568
0.542256
0.694734
0.796555
0.444357
0.424242
0.679189
0.424242
0.811622
0.474567
0.435813
0.538938
0.605120
0.820887
0.557747
0.322139
0.574943
0.425085
0.709372
0.451408
0.411457
0.341665
0.443595
0.517985
0.850203
0.634730
0.451246
0.584572
0.427126
0.489889
0.449108
0.489246
0.508538
0.877282
0.477086
0.526572
0.282716
0.424242
0.489345
0.472749
0.733626
0.489252
0.453117
0.558471
0.477624
0.454942
0.523939
0.581004
0.616462
0.705858
0.556204
0.570807
0.469085
0.506809
0.652111
0.549733
0.747032
0.854188
0.790680
0.424242
0.497160
0.289648
0.399416
0.742295
0.424242
0.818048
0.454833
0.424242
0.422598
0.460827
0.747176
0.363977
0.424242
0.570535
0.857024
0.494604
0.865964
0.446948
0.399618
0.717225
0.424242
0.397243
0.456483
0.399146
0.391332
0.623254
0.807938
0.652061
0.620218
0.505692
0.805713
0.728832
0.804883
0.385036
0.726387
0.348081
0.702086
0.422448
0.742539
0.480564
0.424242
0.601324
0.512940
0.422661
0.636242
0.424242
0.535974
0.567155
0.476027
0.579894
0.338366
0.517477
0.837682
0.781438
0.300609
0.719301
0.684084
0.752608
0.424242
0.720992
0.559021
0.674776
0.690148
0.420334
0.435080
0.792550
0.739154
0.391896
0.600816
0.837546
0.605719
0.688090
0.435174
0.643121
0.466628
0.797421
0.801858
0.439273
0.849382
0.783419
0.529040
0.424242
0.405433
0.497479
0.728219
0.416597
0.554332
0.333332
0.661957
0.473213
0.407724
0.838386
0.798850
0.424242
0.405460
0.885655
0.681669
0.350232
0.486642
0.427087
0.727848
0.559631
0.475260
0.476187
0.424242
0.424242
0.805182
0.567797
0.761123
0.816518
0.424242
0.424242
0.909880
0.841530
0.820449
0.424242
0.424242
0.809373
0.414166
0.675985
0.706208
0.447558
0.440770
0.505069
0.494712
0.420035
0.514202
0.735235
0.466121
0.424242
0.523147
0.828627
0.837560
0.452430
0.384672
0.747881
0.418478
0.412910
0.424242
0.704009
0.197714
0.349198
0.488594
0.502026
0.819671
0.454862
0.390992
0.343367
0.508049
0.645327
0.852453
0.785294
0.221266
0.408717
0.750040
0.579847
0.449444
0.444823
0.424242
0.726558
0.719857
0.833268
0.566056
0.849019
0.529233
0.501021
0.864870
0.463379
0.424242
0.446902
0.429819
0.497068
0.534199
0.869104
0.705195
0.788461
0.443935
0.398013
0.695595
0.202841
0.489325
0.360392
0.786676
0.550312
0.665023
0.876150
0.427587
0.764929
0.435738
0.721595
0.795205
0.447693
0.371653
0.453331
0.707682
0.570602
0.455687
0.498548
0.429619
0.433852
0.217328
0.547143
0.519783
0.455588
0.854253
0.390471
0.716815
0.423296
0.584749
0.531136
0.386253
0.437245
0.579049
0.504747
0.388712
0.522004
0.553304
0.795271
0.529214
0.400105
0.607394
0.399441
0.197714
0.545724
0.474927
0.468469
0.904285
0.424242
0.367635
0.399717
0.601864
0.460141
0.469973
0.595319
0.265118
0.252104
0.654525
0.777858
0.814027
0.837825
0.461144
0.424242
0.308681
0.223458
0.825264
0.431210
0.453326
0.616843
0.428347
0.414769
0.348418
0.458803
0.391075
0.424242
0.600886
0.673999
0.643916
0.525231
0.419107
0.879182
0.440306
0.452328
0.832274
0.516618
0.490473
0.429880
0.424242
0.674188
0.827719
0.475675
0.424242
0.618316
0.809360
0.424621
0.248317
0.445719
0.534654
0.439516
0.399860
0.807414
1.000000
0.711126
0.461187
0.477432
0.413889
0.689821
0.437290
0.447659
0.855857
0.637238
0.344192
0.829587
0.471136
0.866007
0.424242
0.583344
0.824238
0.450431
0.566280
0.470690
0.522944
0.501803
0.411662
0.474217
0.813635
0.449630
0.826687
0.515330
0.568964
0.737794
0.657883
0.527362
0.436186
0.668136
0.424242
0.745801
0.424242
0.386445
0.811061
0.494850
0.494582
0.402675
0.780393
0.682576
0.470404
0.776451
0.743868
0.751212
0.865999
0.692276
0.496984
0.533456
0.802193
0.481638
0.313682
0.521282
0.544643
0.425443
0.526355
0.445975
0.424242
0.530976
0.556017
0.708970
0.424242
0.502445
0.420554
0.679659
0.452581
0.640986
0.319016
0.539294
0.847762
0.647064
0.464278
0.595893
0.324558
0.458915
0.469869
0.408663
0.846708
0.753050
0.731867
0.712233
0.333112
0.477984
0.562723
0.581939
0.498978
0.838509
0.468417
0.622635
0.681286
0.829327
0.437706
0.289382
0.418612
0.399901
0.424648
0.668451
0.375365
0.424242
0.436692
0.585274
0.577158
0.432522
0.614136
0.778700
0.690605
0.751065
0.677778
0.428432
0.568595
0.237523
0.497103
0.521287
0.473496
0.424242
0.635462
0.768740
0.424242
0.525006
0.873182
0.780408
0.382562
0.670869
0.678055
0.677989
0.661979
0.466887
0.850908
0.776848
0.554211
0.802011
0.832241
0.690086
0.772782
0.424242
0.535979
0.424242
0.639780
0.759925
0.478483
0.627034
0.424242
0.893134
0.545085
0.734476
0.796137
0.424242
0.708860
0.479266
0.469119
0.694733
0.654926
0.497451
0.327720
0.887779
0.424242
0.487969
0.835395
0.884810
0.411712
0.727313
0.672979
0.837461
0.481059
0.828424
0.218973
0.483379
0.674542
0.508393
0.727294
0.665051
0.695003
0.822096
0.424242
0.872018
0.424242
0.503480
0.565460
0.739503
0.753398
0.525070
0.726230
0.710531
0.218973
0.516285
0.394374
0.424242
0.507541
0.424242
0.216060
0.518205
0.472886
0.577322
0.424242
0.572996
0.763601
0.578423
0.424242
0.739141
0.696482
0.681509
0.873893
0.400860
0.775782
0.777568
0.664954
0.771736
0.770962
0.523147
0.732978
0.405001
0.424242
0.380092
0.735386
0.441157
0.642079
0.638494
0.315279
0.340588
0.384824
0.424242
0.885472
0.483543
0.815140
0.882994
0.424242
0.691025
0.440966
0.458815
0.424242
0.361116
0.764287
0.557644
0.364640
0.424242
0.527435
0.424242
0.424242
0.521345
0.484055
0.854439
0.424242
0.477806
0.332351
0.756499
0.527128
0.690352
0.534262
0.404159
0.424242
0.555179
0.451774
0.518122
0.468300
0.899034
0.581129
0.497413
0.504626
0.694344
0.424242
0.585932
0.494063
0.424242
0.494151
0.397051
0.394286
0.577454
0.498390
0.510480
0.424242
0.190805
0.485311
0.560041
0.475050
0.424574
0.721230
0.886417
0.584762
0.397610
0.694086
0.508258
0.816971
0.870616
0.344629
0.426141
0.569230
0.718455
0.475497
0.373339
0.605584
0.638895
0.269995
0.394814
0.449168
0.703815
0.311537
0.424242
0.448062
0.426148
0.453598
0.583032
0.405959
0.328339
0.899305
0.877780
0.820426
0.270702
0.814568
0.756875
0.492412
0.491132
0.738050
0.470327
0.427802
0.484319
0.522718
0.648101
0.430026
0.783949
0.404427
0.519167
0.411133
0.750632
0.568463
0.664269
0.815108
0.424242
0.431489
0.497410
0.424242
0.874424
0.431049
0.466359
0.832083
0.526524
0.474862
0.724950
0.739508
0.424242
0.424242
0.674174
0.816543
0.765634
0.481001
0.399916
0.549228
0.522598
0.443022
0.500618
0.847836
0.424242
0.778758
0.507622
0.898940
0.808513
0.424242
0.434107
0.327638
0.541919
0.457229
0.817456
0.748216
0.621877
0.842012
0.349809
0.424242
0.347757
0.745629
0.329102
0.490886
0.424242
0.525989
0.710113
0.776922
0.433908
0.424242
0.405951
0.538959
0.467931
0.851370
0.424242
0.368944
0.833781
0.675516
0.821222
0.479179
0.694417
0.865203
0.446251
0.522419
0.424242
0.397987
0.545124
0.411103
0.745740
0.734767
0.515130
0.590598
0.743347
0.692262
0.504273
0.440065
0.448645
0.479639
0.424242
0.480860
0.545563
0.424242
0.563668
0.575764
0.424242
0.469509
0.424242
0.459646
0.451600
0.725527
0.451412
0.858815
0.832865
0.457339
0.424242
0.714729
0.855998
0.877602
0.803548
0.615441
0.258170
0.768895
0.479825
0.514905
0.424242
0.288341
0.367096
0.521967
0.844959
0.636048
0.824018
0.424242
0.469011
0.903113
0.732182
0.407157
0.640378
0.550159
0.424242
0.371368
0.494492
0.551648
0.836413
0.434627
0.352327
0.465012
0.509070
0.294408
0.610589
0.781712
0.807645
0.549682
0.547393
0.710917
0.875410
0.657512
0.587081
0.659102
0.800544
0.742737
0.471550
0.594414
0.466533
0.791308
0.453812
0.701654
0.901019
0.466717
0.424242
0.613484
0.414693
0.343614
0.216547
0.517999
0.457037
0.424242
0.599618
0.607088
0.475306
0.879965
0.736673
0.457029
0.622502
0.424242
0.590551
0.216595
0.424242
0.841603
0.807051
0.758349
0.661644
0.823699
0.551293
0.417238
0.561097
0.767710
0.448575
0.399465
0.424242
0.457365
0.722283
0.621117
0.640992
0.862012
0.659184
0.542375
0.456327
0.386445
0.812704
0.587001
0.410545
0.698274
0.530291
0.460059
0.737961
0.410976
0.559543
0.424242
0.444925
0.216060
0.877414
0.797592
0.257272
0.723216
0.578843
0.448252
0.441320
0.397445
0.460077
0.480681
0.790389
0.485980
0.573642
0.843609
0.863901
0.412370
0.778753
0.685872
0.270702
0.389804
0.503707
0.769822
0.424242
0.449106
0.521354
0.821840
0.495962
0.403098
0.435532
0.417985
0.468892
0.530746
0.538713
0.424242
0.738974
0.424242
0.424242
0.424242
0.600003
0.608073
0.424242
0.499202
0.730013
0.867382
0.716983
0.593160
0.759509
