0.765577
0.456107
0.456107
0.369153
0.458475
0.483108
0.623919
0.872280
0.425063
0.469697
0.456107
0.456107
0.343381
0.317874
0.351760
0.643104
0.597488
0.903992
0.916376
0.558602
0.795132
0.873286
0.889919
0.339082
0.290084
0.366667
0.400639
0.456107
0.425417
0.345062
0.318018
0.327995
0.456107
0.245127
0.732438
0.331187
0.555321
0.967885
0.726828
0.484607
0.694687
0.893417
0.259588
0.564154
0.866148
0.844400
0.733078
0.537575
0.166667
0.282000
0.744254
0.647067
0.369048
0.255424
0.667247
0.527382
0.309963
0.266623
0.926379
0.359894
0.348023
0.809091
0.388940
0.262730
0.309301
0.411577
0.602234
0.584334
0.375890
0.456107
0.456107
0.900001
0.774588
0.364583
0.916906
0.575880
0.165138
0.708333
0.894764
0.437500
0.415477
0.785402
0.669079
0.831934
0.889295
0.642788
0.823670
0.886649
0.456107
0.339485
0.882855
0.370965
0.395960
0.912024
0.392181
0.809616
0.397835
0.592110
0.963272
0.421372
0.397332
0.925042
0.767036
0.914938
0.897856
0.921316
0.313137
0.685816
0.410507
0.153846
0.672222
0.564949
0.286935
0.285398
0.456107
0.521119
0.524877
0.641746
0.240337
0.596765
0.858197
0.295470
0.355647
0.266573
0.715844
0.280923
0.954557
0.341346
0.513034
0.607727
0.350461
0.285088
0.470934
0.604975
0.786659
0.456107
0.542911
0.754283
0.894746
0.776388
0.924196
0.904660
0.608154
0.729460
0.531746
0.427997
0.559839
0.456107
0.316433
0.533333
0.590719
0.763836
0.667562
0.439922
0.557930
0.631329
0.943396
0.590001
0.521119
0.445250
0.386306
0.790042
0.357805
0.333333
0.361744
0.921233
0.479932
0.676779
0.540714
0.645161
0.540692
0.865998
0.317564
0.506794
0.675000
0.455670
0.114286
0.671532
0.913378
0.656327
0.477401
0.417026
0.456107
0.456107
0.562744
0.646899
0.921569
0.962890
0.569226
0.604271
0.323988
0.456107
0.347222
0.782364
0.273424
0.389858
0.812799
0.619788
0.370370
0.438376
0.521119
0.393537
0.811813
0.883107
0.436742
0.603846
0.642321
0.232425
0.456107
0.379271
1.000000
0.617135
0.449961
0.266667
0.478829
0.936356
0.414885
0.281944
0.488672
0.502166
0.883755
0.421855
0.430838
0.456107
0.779067
0.667811
0.385672
0.375205
0.625000
0.399674
0.582543
0.181561
0.956106
0.947766
0.596338
0.973684
0.412979
0.927891
0.647597
0.781622
0.395770
0.870657
0.479381
0.857883
0.504778
0.927901
0.797312
0.623972
0.396160
0.926553
0.260755
0.670749
0.374941
0.508906
0.592507
0.767507
0.339478
0.905288
0.702112
0.445388
0.456107
0.533333
0.285759
0.389888
0.598219
0.513027
0.890216
0.904305
0.946832
0.487957
0.366290
0.843549
0.372042
0.282172
0.427167
0.843455
0.540865
0.444711
0.517154
0.643238
0.930235
0.394099
0.428565
0.312367
0.840334
0.328004
0.544976
0.318701
0.521019
0.810726
0.961511
0.262765
0.672426
0.425554
0.456107
0.741071
0.177512
0.325581
0.511784
0.356557
0.457870
0.831842
0.456107
0.456107
0.883360
0.333333
0.330324
0.355570
0.389786
0.386499
0.291667
0.428835
0.516460
0.529198
0.563608
0.787125
0.514122
0.925111
0.859948
0.387498
0.182879
0.587273
0.637500
0.910177
0.754208
0.480720
0.000000
0.962073
0.582386
0.373760
0.540905
0.817609
0.801416
0.516802
0.712961
0.651472
0.719641
0.466321
0.488306
0.563373
0.497459
0.593860
0.456988
0.608946
0.458952
0.857457
0.503254
0.578700
0.642677
0.931888
0.526934
0.359827
0.725650
0.372120
0.210273
0.341602
0.605304
0.843549
0.359155
0.456107
0.616759
0.583133
0.352320
0.615385
0.834677
0.481947
0.541912
0.895756
0.780524
0.432060
0.450817
0.736858
0.481905
0.456107
0.498399
0.928429
0.456107
0.686256
0.414627
0.342206
0.550699
0.669387
0.399791
0.325000
0.810729
0.972603
0.845652
0.485623
0.521186
0.639776
0.647128
0.388764
0.350331
0.418577
0.184912
0.776515
0.471609
0.407431
0.456107
0.423294
0.346250
0.514161
0.538189
0.456107
0.377515
0.809695
0.327594
0.398990
0.406946
0.515753
0.880573
0.549178
0.456107
0.000000
0.408964
0.832692
0.404224
0.377621
0.365925
0.931428
0.335163
0.330779
0.389548
0.772042
0.360268
0.944182
0.939697
0.533333
0.409183
0.799341
0.545622
0.236043
0.812966
0.427454
0.894083
0.677561
0.252598
0.306195
0.273965
0.696282
0.428792
0.000000
0.533655
0.467618
0.716859
0.871785
0.334181
0.434877
0.944386
0.456107
0.299637
0.339518
0.795299
0.782298
0.506026
0.557550
0.456107
0.456107
0.671796
0.212322
0.363653
0.619591
0.181826
0.500000
0.940663
0.413335
0.333420
0.509792
0.396292
0.788160
0.379015
0.322577
0.456107
0.625717
0.350833
0.431970
0.855359
0.511465
0.456107
0.544095
0.463080
0.874835
0.848628
0.254426
0.464933
0.600216
0.916007
0.480779
0.456107
0.456107
0.313406
0.550699
0.742660
0.456107
0.496427
0.503026
0.756541
0.504803
0.517027
0.366845
0.477923
0.540767
0.456107
0.309380
0.923880
0.271130
0.456107
0.868819
0.685294
0.261500
0.391715
0.299299
0.483852
0.291807
0.200000
0.543860
0.636364
0.462543
0.438532
0.789879
0.464395
0.456107
0.325717
0.871802
0.794995
0.458093
0.611111
0.875406
0.574660
0.831766
0.882773
0.525320
0.613636
0.436508
0.574767
0.515311
0.292394
0.925513
0.389524
0.591630
0.905145
0.911039
0.632711
0.906402
0.456107
0.381869
0.355142
0.402483
0.456107
0.342609
0.448721
0.794700
0.279669
0.338036
0.456107
0.328483
0.350441
0.519159
0.527778
0.480693
0.515181
0.610109
0.765454
0.456107
0.719742
0.456107
0.240648
0.648338
0.187040
0.729462
0.363653
0.765968
0.456107
0.875548
0.783510
0.747443
0.352583
0.359687
0.538704
0.545455
0.500238
0.505975
0.267758
0.463147
0.302437
0.866111
0.572866
0.355108
0.456107
0.816354
0.333333
0.166667
0.456107
0.787776
0.378127
0.884602
0.909818
0.537194
0.550699
0.456107
0.456107
0.426291
0.289393
0.456107
0.861890
0.876090
0.655967
0.391674
0.528090
0.813406
0.793546
0.456107
0.685563
0.782095
0.837030
0.434022
0.814895
0.456107
0.431661
0.456107
0.344971
0.297619
0.484431
0.344337
0.493361
0.413279
0.453704
0.355419
0.348590
0.456107
0.922086
0.456107
0.398961
0.541667
0.384615
0.934550
0.915815
0.428191
0.582722
0.432059
0.282159
0.440395
0.388889
0.338142
0.389265
0.884146
0.866763
0.928737
0.508714
0.191389
0.649812
0.325581
0.816558
0.552293
0.942028
0.837173
0.306373
0.245445
0.822155
0.333333
0.194949
0.314931
0.289273
0.422931
0.424916
0.865719
0.368056
0.333333
0.845492
0.450000
0.286967
0.907867
0.859898
0.487371
0.591767
0.521119
0.592763
0.369739
0.699176
0.262704
0.493365
0.381745
0.877857
0.866642
0.384615
0.354861
0.632352
0.233334
0.382744
0.519668
0.551068
0.541419
0.884782
0.889622
0.343276
0.456107
0.878811
0.295127
0.875955
0.461508
0.213776
0.456107
0.470440
0.333333
0.655988
0.273504
0.174409
0.210077
0.225679
0.456107
0.512516
0.343384
0.291362
0.522761
0.311370
0.814303
0.815764
0.287776
0.444658
0.586089
0.456107
0.958333
0.418380
0.926379
0.803068
0.816336
0.709910
0.937071
0.527915
0.876303
0.324892
0.566492
0.613662
0.434480
0.912617
0.944541
0.258573
0.505773
0.498547
0.502859
0.384603
0.921162
0.929860
0.812927
0.924860
0.456107
0.349392
0.449178
0.763534
0.406526
0.511519
0.454878
0.383757
0.491205
0.946552
0.776632
0.426833
0.298739
0.387495
0.916483
0.493059
0.456107
0.521119
0.315713
0.456107
0.954124
0.954334
0.393501
0.778257
0.400409
0.873506
0.369499
0.456107
0.000000
0.690061
0.708326
0.456107
0.895906
0.399760
0.873505
0.222222
0.717418
0.256971
0.626348
0.736787
0.458884
0.934649
0.150934
0.849331
0.620231
0.486556
0.428571
0.456107
0.445367
0.589114
0.921644
0.456107
0.653037
0.299274
0.495948
0.434015
0.223068
0.276865
0.797745
0.945578
0.531733
0.482203
0.843780
0.423077
0.312231
0.913847
0.590907
0.243728
0.471486
0.527341
0.337239
0.470731
0.478117
0.375680
0.565053
0.515285
0.228654
0.304545
0.454545
0.325061
0.400141
0.852171
0.360906
0.333333
0.616657
0.336471
0.724709
0.637101
0.282311
0.493230
0.743785
0.414474
0.456107
0.329923
0.377664
0.228974
0.270069
0.432829
0.456107
0.665098
0.251199
0.837300
0.879718
0.456107
0.569591
0.578062
0.664239
0.365201
0.550699
0.456107
0.644682
0.303452
0.212592
0.546528
0.708944
0.753122
0.464464
0.375000
0.894535
0.486010
0.261316
0.356426
0.385526
0.383664
0.347973
0.339132
0.904397
0.685108
0.385667
0.658921
0.464720
0.614931
0.912679
0.839029
0.453571
0.894980
0.456107
0.573597
0.668309
0.898640
0.354383
0.319971
0.317936
0.914458
0.511914
0.318777
0.558984
0.931402
0.595386
0.419433
0.597585
0.456107
0.334497
0.771688
0.610000
0.345029
0.507057
0.330883
0.600284
0.341334
0.888158
0.285714
0.975803
0.375678
0.869161
0.729937
0.566604
0.641243
0.269708
0.456107
0.340564
0.737718
0.456107
0.418162
0.298363
0.826244
0.771878
0.162832
0.384112
0.238793
0.278262
0.500000
0.451876
0.865905
0.399493
0.329521
0.250000
0.388617
0.457559
0.435105
0.664912
0.336310
0.402035
0.550838
0.868890
0.875571
0.684751
0.837548
0.520485
0.226750
0.810856
0.375472
0.479360
0.341488
0.852580
0.456107
0.959082
0.864243
0.781642
0.976445
0.456107
0.760070
0.455529
0.406250
0.239923
0.915789
0.326376
0.976310
0.548720
0.426514
0.775290
0.254324
0.440521
0.856470
0.421321
0.302080
0.736732
0.389095
0.475985
0.907584
0.587302
0.437223
0.401922
0.246838
0.428215
0.277126
0.888234
0.133613
0.482733
0.518723
0.381645
0.888764
0.419524
0.659556
0.944786
0.843106
0.966335
0.415308
0.499513
0.931970
0.631631
0.934126
0.572718
0.947368
1.000000
0.726804
0.627557
0.375409
0.508139
0.234769
0.456107
0.780645
0.343425
0.385478
0.585408
0.200000
0.471174
0.484699
0.456107
0.929754
0.456107
0.488658
0.902249
0.868325
0.456908
0.337104
0.494120
0.860023
0.491891
0.895782
0.873412
0.260005
0.691764
0.279497
0.140394
0.489235
0.620614
0.456107
0.568778
0.322008
0.422678
0.429634
0.256980
0.770300
0.211761
0.924084
0.340156
0.456107
0.493127
0.144841
0.740768
0.431001
0.510665
0.832257
0.446896
0.928811
0.289576
0.456107
0.612252
0.961807
0.456107
0.456107
0.743734
0.554812
0.623980
0.917969
0.456107
0.534272
0.927036
0.275233
0.934019
0.274394
0.147913
0.642237
0.345254
0.206935
0.347729
0.576077
0.731649
0.967460
0.954016
0.659822
0.364685
0.833620
0.419770
0.769594
0.395833
0.382908
0.302164
0.381588
0.395693
0.628734
0.706685
0.306379
0.881062
0.670616
0.877851
0.232969
0.540521
0.913914
0.462984
0.590186
0.616667
0.384723
0.391296
0.902509
0.388194
0.399979
0.563502
0.266623
0.502392
0.910283
0.420871
0.722505
0.793750
0.902888
0.323529
0.711316
0.713837
0.456107
0.731404
0.105263
0.363653
0.159256
0.928709
0.839930
0.266667
0.294160
0.456107
0.451134
0.648148
0.694822
0.500139
0.896730
0.414054
0.844874
0.402082
0.891338
0.499114
0.590209
0.398454
0.546741
0.863980
0.125000
0.687803
0.581315
0.792430
0.851852
0.916501
0.604792
0.796537
0.456107
0.864329
0.456107
0.456107
0.521293
0.358194
0.363768
0.646498
0.456107
0.789474
0.599810
0.415097
0.374347
0.882947
0.358075
0.407552
0.551088
0.440520
0.400000
0.420972
0.491562
0.387108
0.736434
0.302991
0.331232
0.372512
0.388889
0.517910
0.436439
0.644989
0.945269
0.456107
0.709040
0.456107
0.773518
0.323192
0.386083
0.325566
0.845524
0.926321
0.286433
0.893617
0.649668
0.362315
0.458025
0.604242
0.456107
0.926356
0.303922
0.269701
0.503684
0.727772
0.692739
0.456454
0.375063
0.544985
0.349349
0.429123
0.236025
0.251119
0.456107
0.809277
0.452661
0.388889
0.456107
0.571429
0.813232
0.367520
0.368421
0.846776
0.585249
0.857143
0.165138
0.872327
0.930384
0.582730
0.871401
0.379579
0.302123
0.309766
0.312401
0.400529
0.389940
0.245127
0.341931
0.869463
0.603810
0.398634
0.678571
0.424982
0.213028
0.678956
0.456107
0.371314
0.432094
0.935042
0.433010
0.764221
0.266667
0.420819
0.521656
0.863642
0.932812
0.598228
0.491393
0.828824
0.363474
0.878992
0.331102
0.393443
0.311913
0.577298
0.450000
0.634035
0.784960
0.377384
0.362494
0.587741
0.301200
0.628011
0.967519
1.000000
0.609792
0.534063
0.576768
0.386100
0.456107
0.544069
0.353954
0.417549
0.304904
0.936602
0.296400
0.318183
0.435707
0.912008
0.261440
0.849281
0.270264
0.456107
0.125000
0.674151
0.121708
0.871192
0.941371
0.859736
0.922808
0.483801
0.863727
0.594185
0.449631
0.577046
0.448976
0.512948
0.365801
0.298712
0.884141
0.294433
0.861274
0.499175
0.230283
0.593672
0.456107
0.945997
0.776162
0.306549
0.874691
0.619759
0.456107
0.238224
0.257979
0.341365
0.240000
0.776171
0.951809
0.456107
0.300877
0.456107
0.310281
0.666667
0.251119
0.597884
0.808213
0.974985
0.337998
0.480961
0.477686
0.714415
0.289520
0.447761
0.885530
0.819379
0.275808
0.855728
0.909397
0.691994
0.808321
0.665989
0.767645
0.781001
0.470100
0.619788
0.891263
0.925031
0.714323
0.543956
0.398987
0.818182
0.210077
0.722804
0.377130
0.239756
0.568659
0.686324
0.528549
0.398363
0.777448
0.468212
0.456107
0.959844
0.348230
0.226583
0.520364
0.362481
0.497477
0.295393
0.456107
0.517924
0.368421
0.961180
0.471931
0.478552
0.954723
0.343551
0.380149
0.421576
0.905191
0.797753
0.548314
0.456107
0.456107
0.469304
0.611117
0.658885
0.347069
0.622724
0.652398
0.797529
0.534532
0.456107
0.987899
0.456107
0.412483
0.142857
0.461571
0.304355
0.743217
0.450918
0.342964
0.456107
0.456107
0.504582
0.456107
0.680967
0.452381
0.478997
0.419978
0.357867
0.376613
0.451888
0.883564
1.000000
0.872394
0.931189
0.551068
0.926993
0.688405
0.428571
0.456107
0.432895
0.210273
0.389520
0.479207
0.564919
0.934752
0.559894
0.769231
0.939864
0.437832
0.349265
0.734710
0.785248
0.325142
0.376126
0.456107
0.308610
0.602042
0.456107
0.456107
0.285417
0.375350
0.644372
0.683696
0.456107
0.838264
0.308034
0.462218
0.413043
0.872413
0.300221
0.217143
0.453723
0.456107
0.352283
0.798331
0.456107
0.417112
0.935851
0.680672
0.351852
0.537759
0.365625
0.619312
0.942830
0.746084
0.343193
0.869871
0.939110
0.383472
0.311465
0.837071
0.456107
0.832510
0.541098
0.227424
0.456107
0.456107
0.985417
0.376860
0.346420
0.505226
0.747958
0.858364
0.397384
0.210273
0.874330
0.760639
0.435743
0.840805
0.773286
0.333333
0.963194
0.698114
0.234279
0.930525
0.672359
0.521878
0.349441
0.486169
0.921389
0.819960
0.938470
0.888045
0.297402
0.876242
0.817866
0.499479
0.456107
0.407363
0.850116
0.818438
0.898963
0.444444
0.787873
0.315310
0.333333
0.456107
0.796587
0.904689
0.922160
0.300000
0.304746
0.819084
0.355099
0.861981
0.426901
0.100559
0.521119
0.534608
0.895844
0.973684
0.845416
0.561944
0.635303
0.761731
0.342741
0.250000
0.875909
0.528090
0.637457
0.827451
0.460969
0.456107
0.437630
0.327173
0.651384
0.290807
0.282171
0.456107
0.678656
0.210273
0.445366
0.863216
0.445186
0.403323
0.934987
0.777991
0.370882
0.370086
0.937201
0.456107
0.551068
0.221020
0.353549
1.000000
0.624851
0.456107
0.456107
0.385007
0.908853
0.810688
0.158368
0.355512
0.456107
0.315780
0.960358
0.452699
0.601199
0.537283
0.734710
0.619754
0.405120
0.351597
0.746846
0.365472
0.875876
0.345455
0.547734
0.779309
0.932293
0.782983
0.738008
0.368470
0.525541
0.755155
0.285699
0.479365
0.389905
0.456107
0.843817
0.518608
0.456107
0.882723
0.433744
0.485945
0.420649
0.884637
0.485668
0.915144
0.493939
0.318756
0.282880
0.456107
0.677150
0.718480
0.390249
0.465630
0.282375
0.411111
0.496894
0.371045
0.348709
0.465339
0.366051
0.627235
0.485565
0.954843
0.388736
0.632330
0.385935
0.642569
0.915626
0.349049
0.266667
0.885628
0.233140
0.418570
0.456107
0.456107
0.925981
0.456107
0.848485
0.668686
0.696225
0.500064
0.617380
0.825965
0.432203
0.470105
0.814035
0.939782
0.207912
0.960989
0.493509
0.919023
0.793158
0.456107
0.487789
0.695251
0.490027
0.743385
0.647627
0.384615
0.491515
0.456107
0.556319
0.281690
0.409112
0.934912
0.638149
0.509189
0.509805
0.368651
0.270070
0.934635
0.298358
0.804863
0.456107
0.550674
0.315934
0.555009
0.305158
0.285154
0.452473
0.422695
0.810130
0.484476
0.521119
0.550296
0.561523
0.456107
0.907243
0.364583
0.399332
0.456107
0.930277
0.960793
0.529408
0.241973
0.745043
0.617921
0.297231
0.315789
0.590589
0.270047
0.295399
0.328807
0.233111
0.314839
0.327874
0.714297
0.564396
0.845862
0.571482
0.370857
0.545641
0.456107
0.310880
0.539873
0.517544
0.622896
0.535718
0.924288
0.364121
0.671813
0.456107
0.351811
0.880715
0.349289
0.539027
0.928571
0.331769
0.259598
0.427902
0.550699
0.512421
0.304975
0.745772
0.858857
0.411008
0.444444
0.588390
0.410577
0.914040
0.629941
0.950033
0.593583
0.207283
0.939525
0.267332
0.456107
0.903128
0.528853
0.447022
0.404588
0.485465
0.654025
0.409574
0.721641
0.252689
0.913094
0.427356
0.560415
0.394419
0.000000
0.442334
0.425177
0.512219
0.956635
0.456107
0.166667
0.618502
0.692636
0.489363
0.520222
0.301482
0.717502
0.548123
0.588582
0.442091
0.880914
0.456107
0.327688
0.904578
0.510520
0.474752
0.449020
0.269398
0.272727
0.530654
0.456107
0.314865
0.357143
0.654860
0.513701
0.526475
0.389379
0.594415
0.614045
0.446980
0.957071
0.630803
0.880749
0.590676
0.824370
0.456107
0.908532
0.522644
0.808842
0.254167
0.322425
0.405916
0.269324
0.148811
0.432412
0.453400
0.425809
0.250000
0.748556
0.570370
0.500000
0.839514
0.456107
0.456107
0.210273
0.534884
0.761501
0.259400
0.462130
0.767545
0.323191
0.878964
0.637137
0.969349
0.932109
0.721954
0.335737
0.897750
0.333207
0.538672
0.822826
0.751355
0.311290
0.419637
0.428235
0.722841
0.750000
0.305000
0.600107
0.445707
0.787415
0.636342
0.833333
0.330235
0.406066
0.394449
0.456107
0.964730
0.368421
0.918931
0.132569
0.000000
0.245614
0.399092
0.876643
0.285406
0.754768
0.398376
0.515837
0.583526
0.686569
0.456107
0.210273
0.945736
0.428571
0.448192
0.441630
0.628011
0.872020
0.238157
0.422931
0.450920
0.675185
0.282083
0.243843
0.491845
0.300607
0.350562
0.797342
0.429013
0.854991
0.516127
0.902637
0.926096
0.944611
0.461333
0.275720
0.740629
0.470588
0.750421
0.380728
0.421230
0.299934
0.563421
0.185331
0.451989
0.938015
0.362494
0.894502
0.205667
0.542454
0.499635
0.248807
0.500878
0.603533
0.445974
0.415980
0.307974
0.515786
0.295039
0.456107
0.781235
0.527250
0.323381
0.456107
0.600573
0.473469
0.951703
0.271739
0.389659
0.369704
0.553314
0.790552
0.223163
0.276105
0.456107
0.392814
0.913201
0.456107
0.507983
0.554729
0.321530
0.456107
0.383260
0.373329
0.591069
0.372773
0.303028
0.597760
0.695364
0.568768
0.369303
0.800692
0.909398
0.461886
0.747963
0.456107
0.301336
0.582817
0.456107
0.988095
0.721873
0.472362
0.388889
0.570192
0.934506
0.592052
0.765977
0.640078
0.847173
0.926208
0.703334
0.510886
0.618040
0.960766
0.501823
0.294512
0.334313
0.525350
0.827623
0.456107
0.759410
0.494253
0.374796
0.896840
0.867261
0.210273
0.574887
0.521276
0.456107
0.876120
0.915493
0.886117
0.454255
0.589489
0.904537
0.333947
0.639585
0.250000
0.863809
0.823158
0.348717
0.456989
0.394863
0.704300
0.314385
0.832722
0.639698
0.637968
0.603918
0.887225
0.562360
0.529251
0.455078
0.604340
0.520522
0.395846
0.888560
0.568629
0.507519
0.478571
0.865751
0.923723
0.979815
0.925214
0.659342
0.456107
0.679164
0.824939
0.948958
0.720691
0.857512
0.431398
0.333757
0.434562
0.299020
0.220264
0.371339
0.702577
0.456107
0.905611
0.335783
0.844595
0.456107
0.296254
0.540647
0.453448
0.265432
0.456107
0.859377
0.524099
0.798090
0.349789
0.903441
0.224265
0.467791
0.250000
0.456107
0.512402
0.910864
0.456107
0.469166
0.350044
0.861864
0.165138
0.638315
0.550465
0.323718
0.466667
0.102911
0.923556
0.484890
0.333333
0.396338
0.616582
0.686247
0.538637
0.671650
0.394651
0.475700
0.752262
0.356074
0.900522
0.247723
0.449659
0.441410
0.773006
0.303107
0.557636
0.394458
0.953484
0.889943
0.557082
0.402996
0.647576
0.724435
0.456107
0.278986
0.863525
0.553541
0.474277
0.456107
0.784181
0.456107
0.487930
0.390129
0.900222
0.242308
0.453465
0.399527
0.456107
0.689313
0.661469
0.885319
0.950814
0.456107
0.845685
0.360947
0.793301
0.828203
0.256250
0.763162
0.365497
0.331376
0.456107
0.555556
0.657929
0.619492
0.979831
0.896930
0.262317
0.426739
0.433362
0.340729
0.268169
0.345646
0.466667
0.341045
0.321930
0.363653
0.456107
0.456107
0.732257
0.333333
0.426772
0.306910
0.662500
0.479160
0.865061
0.444467
0.456107
0.911440
0.620583
0.436640
0.563496
0.323192
0.619605
0.450431
0.922148
0.636174
0.556788
0.354867
0.689624
0.786602
0.948412
0.306549
0.897783
0.300699
0.467917
0.583056
0.644033
0.492669
0.792249
0.478332
0.404946
0.525231
0.338159
0.529965
0.395499
0.675036
0.858495
0.184912
0.331512
0.456107
0.263095
0.480479
0.733380
0.337067
0.434440
0.454044
0.377549
0.643255
0.879190
0.364407
0.537244
0.391491
0.591256
0.265890
0.441181
0.316290
0.870609
0.456107
0.577957
0.424470
0.586824
0.297940
0.456107
0.833333
0.456107
0.352623
0.479038
0.269324
0.456107
0.291667
0.595119
0.484343
0.456107
0.571355
0.303599
0.877531
0.910953
0.844444
0.437885
0.305642
0.825481
0.833333
0.562269
0.304904
0.340272
0.576399
0.529126
0.427066
0.259259
0.833333
0.542992
0.904521
0.334140
0.365608
0.555149
0.822837
0.436007
0.475222
0.432766
0.518755
0.866062
0.549856
0.645833
0.281725
0.694204
0.521119
0.505725
0.633718
0.884577
0.359494
0.356721
0.636361
0.456107
0.891806
0.356039
0.511905
0.472619
0.457051
0.762494
0.659484
0.436742
0.583485
0.357282
0.840372
0.537912
0.246190
0.308457
0.299299
0.456107
0.908241
0.637349
0.236364
0.615084
0.452059
0.548512
0.543507
0.490536
0.503327
0.921101
0.556741
0.486443
0.226705
0.422565
0.385304
0.528858
0.715951
0.356031
0.416226
0.470708
0.266721
0.325443
0.571138
0.712993
0.541819
0.550717
0.686404
0.597160
0.292663
0.460760
0.698785
0.732103
0.972894
0.723250
0.919246
0.437500
0.392239
0.192566
0.296528
0.736497
0.456107
0.922877
0.444891
0.391653
0.411775
0.456107
0.651085
0.166667
0.489308
0.729167
0.940219
0.308438
0.846274
0.495697
0.390597
0.951119
0.456107
0.181561
0.443915
0.465380
0.325581
0.687061
0.944444
0.598274
0.627891
0.392110
0.950719
0.910189
0.867729
0.384121
0.842269
0.378610
0.916977
0.459574
0.906362
0.200000
0.000000
0.678831
0.379505
0.317816
0.474606
0.480204
0.533333
0.463206
0.512500
0.667728
0.159906
0.401351
0.869782
0.912108
0.550296
0.957181
0.765258
0.855343
0.456107
0.837429
0.598961
0.781072
0.568442
0.519022
0.444444
0.866740
0.923504
0.472868
0.643517
0.669795
0.621607
0.681506
0.915789
0.732668
0.385735
0.974470
0.960218
0.518625
0.564815
0.925987
0.581834
0.333333
0.456107
0.457108
0.888889
0.174432
0.220690
0.344584
0.902717
0.565659
0.165138
0.901280
0.920132
0.456107
0.336352
0.692801
0.940066
0.474351
0.350956
0.405969
0.938990
0.531163
0.336408
0.250000
0.456107
0.779048
0.886170
0.467252
0.907568
0.724651
0.456107
0.456107
0.904391
0.830521
0.884087
0.456107
0.388889
0.886520
0.446116
0.590624
0.764899
0.422931
0.311288
0.306544
0.941700
0.384519
0.492507
0.618786
0.400000
0.456107
0.354823
0.575830
0.889491
0.826182
0.307520
0.899879
0.403387
0.252331
0.554143
0.881247
0.185331
0.295644
0.528283
0.518086
0.641828
0.406198
0.250000
0.289809
0.000000
0.711052
0.500000
0.900770
0.225163
0.305865
0.657486
0.386364
0.319126
0.492440
0.456107
0.976191
0.510939
0.886181
0.491110
0.957557
0.509715
0.385965
0.579896
0.397762
0.388529
0.431482
0.286308
0.609599
0.248166
0.811894
0.669731
0.783556
0.390740
0.337918
0.500140
0.192701
0.371527
0.485198
0.880645
0.581232
0.918164
0.932990
0.287143
0.901671
0.337447
0.890565
0.878283
0.611430
0.340654
0.330794
0.696637
0.484890
0.360058
0.345410
0.413844
0.343634
0.210273
0.706422
0.377381
0.320181
0.880585
0.355196
0.945091
0.521119
0.456107
0.591401
0.369845
0.476611
0.613082
0.377886
0.310132
0.521782
0.434014
0.931746
0.521119
0.421533
0.769574
0.334894
0.185331
0.430839
0.346945
0.349751
0.850659
0.570833
0.456107
0.299826
0.495948
0.398891
0.285330
0.538923
0.160534
0.206935
0.615972
0.830988
0.798146
0.831217
0.310605
0.456107
0.456107
0.566492
0.760544
0.354482
0.508561
0.983138
0.300829
0.405687
0.456107
0.165138
0.315711
0.392979
0.484652
0.821468
0.714286
0.755208
0.342675
0.935728
0.352999
0.320453
0.943256
0.456107
0.582796
0.520730
0.456107
0.820481
0.898221
0.454974
0.329232
0.567792
0.842424
0.207783
0.221673
0.387748
0.491449
0.456107
0.268380
0.863980
0.596374
0.687526
0.345438
0.407248
0.361939
0.522727
0.669416
0.298823
0.788121
0.415179
0.300608
0.748311
0.357152
0.751359
0.520375
0.343100
0.856650
0.550699
0.496391
0.666667
0.567267
0.489450
0.286362
0.407049
0.950042
0.457461
0.893514
0.325581
0.715162
0.909263
0.632829
0.521119
0.364177
0.598424
0.427900
0.826770
0.456107
0.325019
0.812691
0.381239
0.346855
0.277638
0.737666
0.852657
0.281898
0.860023
0.683646
0.544572
0.867893
0.630895
0.469616
0.321429
0.906371
0.515567
0.241975
0.411089
0.540056
0.311091
0.417841
0.290553
0.333333
0.262500
0.576923
0.689651
0.269324
0.441495
0.333333
0.793754
0.309524
0.659295
0.237210
0.454328
0.828348
0.327972
0.353100
0.537291
0.000000
0.409977
0.475591
0.308333
0.380512
0.891725
0.883301
0.833333
0.379630
0.483801
0.464454
0.553955
0.286741
0.534653
0.277270
0.732004
0.743436
0.813911
0.000000
0.306634
0.312074
0.406098
0.456107
0.535187
0.550699
0.477679
0.309057
0.717245
0.449755
0.292107
0.574681
0.482293
0.938756
0.875832
0.833333
0.470999
0.567018
0.287541
0.313394
0.302703
0.205044
0.456107
0.755786
0.807068
0.456107
0.636094
0.861196
0.931041
0.401001
0.569509
0.671442
0.823464
0.544375
0.568388
0.903682
0.909060
0.508372
0.909607
0.867377
0.778983
0.750778
0.456107
0.500000
0.545455
0.378132
0.923414
0.227274
0.460069
0.945147
0.946258
0.423327
0.769654
0.917591
0.930004
0.576347
0.307203
0.362051
0.572127
0.949359
0.302991
0.357920
0.846671
0.751659
0.456107
0.769754
0.821461
0.544435
0.843068
0.624061
0.818730
0.716765
0.810918
0.223068
0.324977
0.776417
0.416276
0.951042
0.681392
0.776304
0.770735
0.456107
0.947867
0.456107
0.666667
0.514156
0.736353
0.841647
0.585564
0.766771
0.765846
0.223068
0.465871
0.427029
0.393443
0.401709
0.345635
0.222791
0.369748
0.301435
0.972304
0.456107
0.254194
0.945131
0.339714
0.456107
0.537007
0.793939
0.765323
0.641107
0.577730
0.821167
0.871315
0.651910
0.874238
0.720498
0.361806
0.967257
0.437500
0.409668
0.456107
0.927501
0.498319
0.684705
0.596637
0.456107
0.494678
0.286935
0.456107
1.000000
0.318613
0.883034
0.928356
0.532699
0.524230
0.250000
0.240741
0.456107
0.274840
0.784431
0.530055
0.296254
0.456107
0.497670
0.456107
0.253618
0.401071
0.299012
0.669591
0.456107
0.291409
0.279162
0.680274
0.641067
0.641740
0.547548
0.202515
0.298431
0.632220
0.283180
0.487671
0.467936
0.906090
0.562080
0.519030
0.381244
0.849766
0.333333
0.272727
0.628472
0.566667
0.452822
0.463713
0.465540
0.449471
0.400373
0.510847
0.456107
0.279278
0.409219
0.595401
0.498286
0.351509
0.705600
0.945094
0.577818
0.478658
0.801288
0.675148
0.790546
0.928825
0.343385
0.417791
0.468072
0.527638
0.395116
0.304113
0.429487
0.573792
0.210273
0.446576
0.368434
0.449603
0.315581
0.456107
0.361016
0.306556
0.666667
0.578052
0.221458
0.148811
0.456107
0.724735
0.757899
0.242257
0.800073
0.725164
0.345757
0.565745
0.854628
0.303968
0.266084
0.423241
0.521119
0.621591
0.611111
0.925709
0.327738
0.482899
0.301593
0.718075
0.644921
0.688195
0.954874
0.456107
0.521119
0.386240
0.456107
0.967132
0.298096
0.493800
0.872545
0.237228
0.393896
0.762544
0.830258
0.456107
0.456107
0.598806
0.959033
0.778604
0.351449
0.415340
0.427622
0.507132
0.354981
0.271418
0.984694
0.456107
0.703622
0.465438
0.888137
0.968750
0.571482
0.461209
0.368421
0.413131
0.391671
0.498321
0.745478
0.704369
0.896424
0.435827
0.456107
0.265410
0.741478
0.448958
0.357018
0.456107
0.328168
0.854519
0.955793
0.315510
0.268519
0.142857
0.384460
0.391639
0.841630
0.250000
0.347826
0.850211
0.893358
0.906441
0.353187
0.656541
0.759631
0.341721
0.436412
0.747702
0.148811
0.387361
0.307913
0.702642
0.825496
0.557640
0.521119
0.657174
0.591695
0.486603
0.460778
0.431052
0.432840
0.456107
0.484805
0.480925
0.456107
0.477586
0.619745
0.394237
0.372023
0.353819
0.592683
0.363636
0.711465
0.342877
0.847083
0.769945
0.491509
0.456107
0.743357
0.930644
0.940213
0.784275
0.664586
0.291630
0.794683
0.100559
0.518919
0.456107
0.191211
0.362037
0.314215
0.881356
0.656144
0.700226
0.456107
0.412280
0.648544
0.857531
0.449821
0.584316
0.449056
0.443127
0.294155
0.314815
0.553194
0.863404
0.431024
0.456107
0.418280
0.346136
0.333333
0.915789
0.759324
0.780123
0.501027
0.394528
0.915435
0.609771
0.454128
0.521400
0.566923
0.866587
0.757509
0.424214
0.501751
0.390539
0.923764
0.389894
0.990385
0.914452
0.495353
0.492631
0.439320
0.389678
0.330424
0.210273
0.336544
0.377980
0.456107
0.585499
0.649825
0.311465
0.928034
0.509061
0.361019
0.779094
0.456107
0.500000
0.210273
0.456107
0.910833
0.880688
0.745160
0.535862
0.811792
0.499050
0.312229
0.378794
0.766779
0.733333
0.433917
0.456107
0.421242
0.560806
0.600632
0.577155
0.872293
0.589946
0.652853
0.597301
0.283209
0.826920
0.387252
0.252254
0.713169
0.686217
0.342703
0.756868
0.231208
0.444285
0.456107
0.441286
0.209242
0.900154
0.951916
0.405584
0.872320
0.669387
0.310223
0.346326
0.303303
0.296209
0.621916
0.916264
0.423353
0.360830
0.891314
0.948569
0.353535
0.926476
0.547186
0.242257
0.285354
0.390097
0.807549
0.273226
0.425084
0.609110
0.842755
0.201030
0.301377
0.435470
0.100559
0.711939
0.329085
0.440305
0.425888
0.785714
0.456107
0.456107
0.456107
0.423167
0.635122
0.456107
0.551244
0.809999
0.452128
0.441524
0.533121
0.816128
