0.782733
0.430556
0.562417
0.414795
0.481106
0.332303
0.249588
0.841516
0.470063
0.410127
0.969697
0.410127
0.316322
0.250000
0.300377
0.794194
0.582221
0.870614
0.796902
0.410127
0.702003
0.770228
0.877296
0.366174
0.443558
0.472735
0.434007
0.793546
0.536083
0.372337
0.346122
0.356690
0.424821
0.217315
0.523316
0.272727
0.524088
0.927397
0.754261
0.512744
0.872106
0.847971
0.237135
0.641254
0.890255
0.802317
0.776316
0.592196
0.400000
0.454952
0.789435
0.744429
0.413390
0.394593
0.681913
0.546981
0.352662
0.391493
0.968856
0.408114
0.284416
0.410127
0.690456
0.315643
0.534729
0.249541
0.705357
0.463290
0.529826
0.562417
0.564155
0.909870
0.784716
0.332458
0.903311
0.582000
0.364874
0.410127
0.797499
0.548213
0.333333
0.782643
0.649169
0.852857
0.837855
0.616544
0.954262
0.849147
0.716044
0.475223
0.904542
0.380718
0.253009
0.834425
0.466704
0.718562
0.442108
0.338737
0.947368
0.498880
0.265545
0.856025
0.806203
0.943746
0.748556
0.827543
0.410127
0.794063
0.402065
0.410127
0.837209
0.667016
0.410127
0.353531
0.736230
0.471278
0.511022
0.678966
0.297000
0.261364
0.739251
0.487869
0.332766
0.333949
0.794006
0.270337
0.715194
0.406596
0.572810
0.566950
0.639461
0.249435
0.482056
0.588034
0.799305
0.517223
0.560144
0.727166
0.899133
0.751384
0.758865
0.813546
0.543623
0.699141
0.559586
0.360961
0.542646
0.750000
0.441334
0.410127
0.811684
0.410127
0.410127
0.335626
0.606993
0.687472
0.810952
0.740220
0.400942
0.544557
0.236302
0.802508
0.453170
0.422144
0.608722
0.954615
0.473698
0.410127
0.494624
0.330060
0.528581
0.894860
0.440278
0.472109
0.604139
0.346203
0.242424
0.565671
0.928087
0.643984
0.410127
0.358229
0.435251
0.279790
0.000000
0.441860
0.972984
0.989796
0.569352
0.695128
0.455770
0.493456
0.159294
0.745841
0.178571
0.318670
0.801924
0.467198
0.278431
0.319931
0.542707
0.572961
0.398022
0.786746
0.178571
0.410127
0.509835
0.308450
0.410127
0.355311
0.517851
0.562417
0.350643
0.415097
0.575726
0.952707
0.342671
0.439280
0.327082
0.569912
0.828089
0.395642
0.369044
0.468508
0.700848
0.679288
1.000000
0.259160
0.475944
0.360833
0.336773
0.178571
0.866432
0.890459
0.668529
0.813686
0.483769
0.962542
0.655483
0.704309
0.410127
0.712245
0.523809
0.644998
0.524526
0.902087
0.860913
0.657721
0.516796
0.974146
0.231580
0.721614
0.451993
0.513241
0.910112
0.385081
0.323146
1.000000
0.780284
0.265775
0.754046
0.529990
0.262217
0.291183
0.921053
0.367453
0.902198
0.868031
0.937533
0.482654
0.487461
0.666667
0.549794
0.297270
0.314822
0.800044
0.550902
0.455976
0.512109
0.416060
0.792882
0.553922
0.334148
0.410127
0.867665
0.592380
0.498130
0.430933
0.510280
0.483650
0.882087
0.162879
0.693248
0.213317
0.784325
0.486723
0.217865
0.493506
0.334113
0.406032
0.365016
0.875127
0.626866
0.620000
0.913878
0.666667
0.288618
0.418577
0.391369
0.312104
0.540715
0.429448
0.452935
0.645609
0.610094
0.805224
0.418968
0.860990
0.918196
0.299795
0.562417
0.739583
0.687037
0.955942
0.771594
0.610644
0.671860
0.826650
0.562417
0.391715
0.465886
0.755931
0.707146
0.704762
0.645815
0.550078
0.829193
0.430160
0.593187
0.728385
0.477778
0.539518
0.495164
0.523316
0.485847
0.734528
0.525252
0.634981
0.410127
0.910794
0.548002
0.423453
0.748106
0.476756
0.213307
0.222222
0.712641
0.760870
0.410127
1.000000
0.867100
0.387026
0.365691
0.704762
0.874420
0.498898
0.357112
0.856553
0.906141
0.488289
0.410127
0.841549
0.657688
0.400252
0.410127
0.811546
0.459710
0.633422
0.410127
0.406544
0.410127
0.410127
0.231127
0.418243
0.761134
0.818408
0.774187
0.644723
0.437712
0.818798
0.853314
0.410127
0.358280
0.485485
0.200000
0.688317
0.410127
0.483441
0.000000
0.476703
0.599391
0.410127
0.410127
0.806429
0.419689
0.713792
0.416444
0.431254
0.334996
0.446682
1.000000
0.472213
0.672585
0.410127
0.408219
0.760413
0.403837
0.421906
0.321548
0.904110
0.401702
0.197600
0.293255
0.695874
0.487440
0.907037
0.517434
0.625267
0.313466
0.831269
0.500729
0.284043
0.737242
0.406428
0.927296
0.621518
0.410127
0.452223
0.585612
0.653915
0.462329
0.245604
0.499365
0.380729
0.661439
0.786161
0.562417
0.435750
0.464848
0.680176
0.153846
0.382834
0.870905
0.750000
0.391806
0.489205
0.502137
0.405381
0.692905
0.203399
0.325633
0.723648
0.410127
0.523809
0.854385
0.404410
0.453052
0.474786
0.500687
0.803534
0.270721
0.398844
0.272094
0.409256
0.380960
0.516955
0.655460
0.428325
0.598856
0.804147
0.214838
0.908524
0.911837
0.159294
0.396364
0.572207
0.865061
0.715154
0.435219
0.291251
0.410127
0.432373
0.801166
0.410127
0.516151
0.543390
0.903725
0.261364
0.178571
0.305556
0.602887
0.515126
0.285952
0.364907
0.963525
0.216756
0.552999
0.738691
0.812113
0.290812
0.428275
0.212121
0.392389
0.363913
0.367521
0.704762
0.652139
0.525471
0.460558
0.732461
0.483232
0.821828
0.345081
0.848293
0.730762
0.507472
0.354839
0.751260
0.651661
0.847330
0.900608
0.480910
0.551949
0.436398
0.559729
0.277128
0.325295
0.796849
0.456009
0.708706
0.862207
0.838228
0.486258
0.775629
0.488290
0.275743
0.429806
0.463150
0.313759
0.510561
0.269034
0.720865
0.178571
0.302202
0.542687
0.285841
0.290287
0.451276
0.307692
0.566671
0.421875
0.487440
0.764917
0.800000
0.824631
0.813985
0.235744
0.684211
0.208003
0.858319
0.323833
0.410127
0.354160
0.755135
0.846387
0.489547
0.404831
0.509316
0.325253
0.333333
0.361598
0.441076
0.410127
0.410127
0.253486
0.718118
0.592436
0.410127
0.726015
0.840526
0.406209
0.438590
0.528904
0.410127
0.410127
0.761473
0.831692
0.728853
0.843833
0.000000
0.620229
0.431263
0.289033
0.590440
0.837237
0.941130
1.000000
0.462329
0.585348
0.664502
0.727838
0.684211
0.769299
0.852091
0.840090
0.410127
0.742819
0.323529
0.317875
0.357112
0.249828
0.562417
0.458769
0.343720
0.570453
0.484756
0.450855
0.607556
0.408089
0.299296
0.961864
0.753158
0.415019
0.410127
0.307692
0.877857
0.749308
0.388741
0.410127
0.269730
0.410127
0.411941
0.675582
0.554264
0.427033
0.857509
0.867578
0.883065
0.518869
0.272385
0.691570
0.483008
0.806921
0.580066
0.856477
0.811077
0.311111
0.342142
0.804069
0.826361
0.180757
0.220085
0.322508
0.410127
0.414314
0.886106
0.517884
0.391443
0.856868
0.272111
0.450559
0.843380
0.814955
0.572504
0.593040
0.610927
0.577987
0.508683
0.733960
0.464720
0.486616
0.285049
0.884753
0.894644
0.358777
0.410127
0.711105
0.219994
0.470407
0.517310
0.538462
0.510465
0.818953
0.785225
0.304144
0.440474
0.835067
0.285952
0.816493
0.286729
0.322581
0.410127
0.600000
0.520806
0.799789
0.318635
0.225000
0.260568
0.213504
0.916761
0.574732
0.440811
0.363611
0.439177
0.424958
0.863676
0.854139
0.239818
0.445382
0.420813
0.447235
0.807184
0.323529
0.977220
0.758415
0.778694
0.655718
0.970079
0.513996
0.563111
0.480563
0.621454
0.584801
0.562417
0.834310
0.797851
0.371183
0.477358
0.705357
0.492078
0.508467
0.827280
0.976301
0.867584
0.851285
0.540675
0.252677
0.407824
0.763159
0.423161
0.555081
0.540053
0.309316
0.476920
0.441860
0.410127
0.492487
0.294578
0.399086
0.879560
0.543971
0.464019
0.660256
0.410247
0.562417
0.850867
0.961109
0.410127
0.682577
0.365818
0.788791
0.452187
0.452303
0.363060
0.805439
0.873804
0.787338
0.878702
0.427093
0.869205
0.183026
0.784500
0.280777
0.569686
0.681088
0.620000
0.872978
0.232010
0.770753
0.572868
0.483759
0.322153
0.943218
0.566667
0.410127
0.780397
0.674733
0.592181
0.236747
0.592798
0.534406
0.222032
0.258333
0.672651
0.906613
0.456712
0.000000
0.610950
0.312500
0.278431
0.913306
0.581001
0.237123
0.410127
0.449577
0.367706
0.528328
0.452194
0.424744
0.582786
0.323529
0.307805
0.506259
0.451046
0.619823
0.410127
0.722706
0.311151
0.387700
0.637712
0.421387
0.722837
0.589121
0.562417
0.411986
0.410127
0.452307
0.715940
0.276257
0.386671
0.227514
0.283026
0.341651
0.381141
0.631961
0.393271
0.860030
0.869370
0.632273
0.410127
0.441860
0.549794
0.327871
0.410127
0.419024
0.978261
0.329167
0.398844
0.526396
0.698057
0.740012
0.542970
0.523316
0.825744
0.602809
0.396344
0.475152
0.284928
0.521746
0.410127
0.377392
0.857373
0.688789
0.226792
0.574982
0.435019
0.442957
0.920698
0.829159
0.562777
0.823970
0.648541
0.676442
0.839793
0.663221
0.403377
0.367649
0.496839
0.943609
0.473152
0.212330
0.722752
0.901031
0.583471
0.492430
0.397015
0.858397
0.410127
0.575869
0.410127
0.410127
0.630843
0.298693
0.571732
0.265397
0.562417
0.518099
0.793450
0.533964
0.812643
1.000000
0.574820
0.553225
0.262731
0.553156
0.360382
0.978261
0.538138
0.508552
0.343028
0.954084
0.655260
0.410127
0.403811
0.178571
0.357112
0.505675
0.445498
0.953065
0.296216
0.670163
0.533333
0.410127
0.166667
0.418135
0.831054
0.536876
0.512067
0.624463
0.681266
0.855445
0.831461
0.839958
0.633456
0.469655
0.757018
0.392060
0.374805
0.400000
0.869019
0.272727
0.853684
0.843880
0.827778
0.952951
0.272427
0.617164
0.377335
0.400165
0.314986
0.594044
0.362234
0.978509
0.503376
0.443171
0.720913
0.166667
0.200000
0.878107
0.423251
0.250000
0.717829
0.438468
0.361575
0.915940
0.558067
0.408338
0.429485
0.127871
0.367699
0.331217
0.688714
0.410127
0.396147
0.400553
0.407356
0.786055
0.386392
0.600000
0.975881
0.815660
0.410127
0.709730
0.571122
0.840309
0.594418
0.853209
0.542233
0.763912
0.870000
0.841838
0.579580
0.593658
0.523316
0.209788
0.425588
0.969508
0.439353
0.254819
0.590688
0.367521
0.492253
0.375088
0.462818
0.912821
0.406209
0.509943
0.939415
0.735107
0.412218
0.410127
0.159294
0.838358
0.459016
1.000000
0.912750
0.176502
0.410127
0.546340
0.571002
0.439320
0.768795
0.373851
0.482102
0.542551
0.523316
0.442619
0.260567
0.799443
0.194546
0.563803
0.462821
0.651216
0.421259
0.000000
0.750000
0.387225
0.439749
0.767294
0.341601
0.899745
0.226206
0.767200
0.754075
0.792560
0.410127
0.401709
0.837260
0.485401
0.494852
0.917226
0.561341
0.661828
0.869690
0.159294
0.807104
0.684211
0.153846
0.632275
0.322222
0.185747
0.317632
0.733092
0.817050
0.699160
0.836353
0.779812
0.217440
0.823044
0.410127
0.773009
0.316513
0.268830
0.285380
0.614495
0.427077
0.619735
0.815333
0.352462
0.866667
0.603895
0.842212
0.364645
0.676535
0.756715
0.522361
0.349057
0.401709
0.198781
0.305523
0.931673
0.326847
0.600000
0.494025
0.391493
0.569444
0.897213
0.445507
0.410127
0.773841
0.645161
0.423889
0.410127
0.805360
0.884440
0.763785
0.200000
0.328524
0.294310
0.930398
0.908410
0.594991
0.600000
0.734140
0.528473
0.455108
0.826428
0.610644
0.862542
0.570241
0.846774
0.406935
0.871960
0.700000
0.441860
0.448857
0.650767
0.952494
0.342500
0.704762
0.320828
0.811900
0.702626
0.895204
0.675000
0.796990
0.694112
0.529953
0.403326
0.448325
0.467064
0.403925
0.309207
0.357112
0.437223
0.860741
0.767901
0.363974
0.410127
0.704444
0.387512
0.391671
0.579061
0.410127
0.410127
0.410127
0.410127
0.432748
0.464907
0.261375
0.272076
0.258572
0.901099
0.333333
0.427143
0.702305
0.954440
0.751184
0.963470
0.429798
0.722636
0.416138
0.433313
0.274174
0.885470
0.938395
0.411630
0.684211
0.712432
0.347562
0.516217
0.609545
0.429043
0.891182
0.410127
0.176104
0.416580
0.793605
0.519743
0.526277
0.439625
0.563372
0.372492
0.346970
0.508616
0.284778
0.534159
0.893554
0.610644
0.346801
0.272727
0.800000
0.451083
0.341195
0.166667
0.801904
0.524324
0.451852
0.410127
0.889317
0.894063
0.595715
0.877226
0.452784
0.280933
0.303022
0.477519
0.562417
0.506921
0.217315
0.205128
0.754733
0.530848
0.446046
0.562417
0.419265
0.200758
0.662694
0.447729
0.437899
0.376928
0.878304
0.464161
0.711858
0.378103
0.294048
0.718605
0.806626
0.969508
0.704762
0.666674
0.746204
0.906010
0.801989
0.410127
0.410127
0.326391
0.496339
0.613405
0.410127
0.812699
0.443325
0.410919
0.724256
0.246784
0.666667
0.971614
0.410127
0.676470
0.558993
0.657375
0.521229
0.410127
0.531012
0.278692
0.225806
0.476359
0.979109
0.358553
0.334394
0.473483
0.882125
0.469973
0.826856
0.254902
0.681906
0.243155
0.611039
0.494723
0.641105
0.882226
0.897586
0.954545
0.623853
0.835455
0.537703
0.588237
0.542970
0.410127
0.308297
0.353145
0.000000
0.900863
0.546297
0.765000
0.427064
0.314833
0.707060
0.716044
0.975673
0.875000
0.283240
0.806388
0.807091
0.523316
0.357112
0.227351
0.404286
0.228125
0.883988
0.959184
0.685937
0.000000
0.371411
0.320232
0.410127
0.277826
0.500169
0.732683
0.953097
0.409407
0.419283
0.845226
0.731598
0.358777
0.393535
0.852691
0.900688
0.443080
0.856139
0.828495
0.685094
0.755574
0.672114
1.000000
0.810206
0.546500
0.410127
0.863889
0.783855
0.410127
0.410127
0.397243
0.485401
0.198068
0.725984
0.229294
0.434171
0.358777
0.558693
0.502750
0.470930
0.718562
0.200000
0.410127
0.963163
0.412132
0.259874
0.533540
0.563066
0.448101
0.282267
0.519037
0.573061
0.415645
0.961214
0.666977
0.366359
0.863196
0.300305
0.595335
0.528623
0.880187
0.776387
0.529735
0.270590
0.555042
0.432144
0.556771
0.690054
0.454374
0.699817
0.844234
0.847515
0.410127
0.525190
0.901093
0.761658
0.400000
0.333333
0.570929
0.458333
0.487440
0.292745
0.000000
0.411519
0.000000
0.410127
0.373133
0.410127
0.232139
0.617542
0.488490
0.219512
0.394079
0.285952
0.889676
0.954262
0.410127
0.976992
0.628080
1.000000
0.647027
0.314464
0.523591
0.369352
0.235498
0.305732
0.534229
0.410127
0.884770
0.568768
0.875000
0.679412
0.507065
0.410127
0.750000
0.725579
0.362069
0.684211
0.394636
0.501180
0.481234
0.300853
0.631081
0.464645
0.396465
0.603680
0.598722
0.511531
0.874637
0.219875
0.448504
0.486169
0.828137
0.331017
0.263684
0.395444
0.410127
0.342257
0.846352
0.570725
0.410127
0.912356
0.623905
0.444444
0.524378
0.639850
0.506944
0.687630
0.596003
0.200000
0.939120
0.949086
0.382834
0.333333
0.673372
0.396743
0.819229
0.695244
0.392646
0.341120
0.698542
0.873803
0.555995
0.401487
0.579108
0.451089
0.756383
0.317284
0.218672
0.740508
0.762082
0.473521
0.908524
0.958333
0.350000
0.803387
0.854708
0.420970
0.410127
0.738538
0.410127
0.542372
0.536777
0.843454
0.738000
0.964692
0.850451
0.488417
0.779008
0.843678
0.569491
0.194739
0.526537
0.642524
0.879900
0.738044
0.724579
0.706696
0.357112
0.287954
0.755556
0.858397
0.932232
0.808872
0.303030
0.255689
0.779840
0.436156
0.849032
0.558560
0.500000
0.405594
0.731417
0.709288
0.663031
0.862736
0.691667
0.410127
0.410127
0.410127
0.395833
0.799793
0.568627
0.522054
0.859126
0.418448
0.420561
0.450321
0.341202
0.602934
0.368165
0.252849
0.767704
0.733303
0.210190
0.514999
0.837002
0.451484
0.453921
0.876748
0.769925
0.400361
0.000000
0.905694
0.410127
0.617070
0.410127
0.317763
0.822535
0.737630
0.715378
0.450318
0.459294
0.930839
0.709911
0.428571
0.426836
0.388563
0.591302
0.983230
0.340322
0.722460
0.614975
0.750000
0.737132
0.253229
0.406622
0.734186
0.475410
0.863984
0.359965
0.588430
0.726474
0.878613
0.829024
0.853341
0.410127
0.538875
0.833236
0.250986
0.592982
0.234574
0.548676
0.810624
0.564586
0.410127
0.865642
0.414516
0.484242
0.200625
0.789283
0.496052
0.913483
0.465962
0.596340
0.327256
0.515463
0.709209
0.745507
0.268125
0.453495
0.384685
0.596664
0.570277
0.345616
0.356388
0.520092
0.474658
0.677389
0.554488
0.967422
0.452888
0.741845
0.572335
0.505991
0.890604
0.410127
0.307692
0.864238
0.356204
0.369879
0.460414
0.260870
0.980263
0.828070
0.688704
0.396717
0.636268
0.410127
0.728003
0.959872
0.768642
0.476918
0.890464
0.843987
0.187383
0.896074
0.410127
0.410127
0.872078
0.338635
0.367506
0.656966
0.546179
0.715103
0.333333
0.200000
0.434095
0.393232
0.551718
0.313898
0.462025
0.410127
0.410127
0.526729
0.401709
0.344275
0.226498
0.898378
0.421877
0.915987
0.548997
0.599341
0.377104
0.475384
0.353364
0.272576
0.178571
0.288744
0.762636
0.414286
0.575583
0.282928
0.337389
0.301386
0.845946
0.215354
0.394591
0.210190
0.835638
0.847625
0.534728
0.464847
0.906130
0.410127
0.233240
0.413947
0.497023
0.270725
0.300000
0.513013
0.285952
0.442828
0.330270
0.714731
0.725261
0.898808
0.410127
0.318754
0.425018
0.528746
0.410127
0.520177
0.416667
0.691776
0.557439
0.955152
0.369725
0.622285
0.653003
0.278126
0.919671
0.446271
0.520850
0.763202
0.410127
0.541029
0.412218
0.115385
0.565337
0.419719
0.410127
0.410127
0.510259
0.605928
0.577093
0.454422
0.920967
0.618431
0.922502
0.600000
0.376412
0.900970
0.357914
0.410127
0.672515
0.573925
0.382734
0.393151
0.519802
0.675044
0.285714
0.751715
0.410127
0.914725
0.362363
0.556231
0.345310
0.631584
0.399564
0.401964
0.410127
0.873426
0.282222
0.421019
0.685674
0.782431
0.383275
0.441858
0.428325
0.680891
0.574842
0.410127
0.447875
0.737087
0.169492
0.290593
1.000000
0.410127
0.674057
0.166667
0.554919
0.479588
0.585404
0.462251
0.647984
0.196620
0.691170
0.000000
0.641535
0.359898
0.885706
0.410127
0.411658
0.796869
0.368197
0.969508
0.662552
0.781797
0.410127
0.903154
0.410127
0.799423
0.393755
0.384420
0.331818
0.384279
0.549794
0.401709
0.382083
0.467871
0.469799
0.810576
0.514561
0.485672
1.000000
0.547619
0.448842
0.292787
0.410127
0.733540
0.315959
0.743785
0.745059
0.372090
0.833129
0.439622
0.791621
0.916112
0.628954
0.573015
0.851746
0.267713
0.706375
0.863950
0.886703
0.410127
0.578063
0.558023
0.410127
0.644546
0.222222
0.666582
0.375000
0.664268
0.666174
0.789997
0.309863
0.403629
0.492028
0.511976
0.955105
0.465261
0.897005
0.400000
0.212121
0.410127
0.552800
0.882071
0.209266
0.732201
0.499533
0.584632
0.613988
0.806637
0.742244
0.361099
0.892276
0.250000
0.296605
0.562417
0.666667
0.796751
0.123256
0.416506
0.340170
0.424066
0.166667
0.336569
0.487902
0.345600
0.410127
0.272727
0.447800
0.863562
0.336175
0.918046
0.928965
0.960149
0.535862
0.410127
0.784390
0.410127
0.992082
0.460180
0.410215
0.278155
0.410127
0.205190
0.358777
0.869432
0.243902
0.875771
0.212841
0.562953
0.709716
0.355907
0.610970
0.920566
0.455633
0.413652
0.436508
0.390664
0.304512
0.562417
0.762159
0.530451
0.410127
0.410127
0.532450
0.410127
0.979012
0.602472
0.408466
0.407060
0.658787
0.702222
0.280164
0.159294
0.798118
0.351041
0.871019
1.000000
0.458617
0.464207
0.345841
0.542328
0.483712
0.440520
0.416715
0.422553
0.261310
0.690335
0.707985
0.388034
0.246162
0.787358
0.922838
0.467357
0.888992
0.336610
0.272727
0.650615
0.814537
1.000000
0.700549
0.516857
0.401709
0.410127
0.628921
0.597032
0.704762
0.771905
0.854991
0.837929
0.410127
0.222222
0.111111
0.924264
0.591098
0.326715
0.371221
0.531209
0.969508
0.410127
0.724805
0.648553
0.409202
0.949116
0.847965
0.269730
0.702620
0.503569
0.693142
0.925577
0.939531
0.870070
0.411324
0.605876
0.666667
0.290174
0.470074
0.554470
0.410127
0.683030
0.297156
0.438127
0.464678
0.631059
0.628162
0.772751
0.473389
0.688772
0.410127
0.855252
0.557506
0.511055
0.502731
0.481607
0.576805
0.368939
0.940527
0.841167
0.209984
0.459780
0.896179
0.916581
0.717944
0.866422
0.782101
0.654245
0.723988
0.910232
0.892444
0.781250
0.900990
0.410127
0.461495
0.471309
0.447875
0.285671
0.494267
0.442901
0.703222
0.841929
0.476944
0.792929
0.293707
0.347145
0.429915
0.542505
0.410127
0.410127
0.854139
0.410127
0.813894
0.370370
0.902790
0.260870
0.610644
0.241451
0.704762
0.536625
0.896694
0.410127
0.569756
0.439633
0.847829
0.393026
0.774901
0.572542
0.365058
0.410127
0.684597
0.858406
0.332971
0.423011
0.458351
0.701852
0.410127
0.687472
0.625404
0.425532
0.516739
0.410127
0.338048
0.903913
0.378659
0.568627
0.330973
0.694788
0.423913
0.552500
0.404386
0.840674
0.732229
0.466254
0.693223
0.542560
0.708925
0.466667
0.161458
0.824330
0.563155
0.453610
0.367424
0.790223
0.410127
0.510800
0.384916
0.873355
0.470732
0.464516
0.410127
0.345949
0.862517
0.523851
0.715098
0.964433
0.431209
0.798022
0.575635
0.662037
0.860951
0.386341
0.680695
0.410127
0.324079
0.410127
0.430868
0.702655
0.474667
0.929862
0.410127
0.306713
0.308559
0.410127
0.239823
0.434313
0.275270
0.301136
0.309175
0.316223
0.324071
0.500313
0.743109
0.724752
0.247714
0.439757
0.404215
0.767624
0.349053
0.901432
0.462884
0.808326
1.000000
0.584210
0.178571
0.410127
0.416138
0.764538
0.566140
0.825035
0.555556
0.598324
0.314460
0.762191
0.807596
0.410127
0.279751
0.740897
0.405282
0.426544
0.410127
0.670026
0.580968
0.790532
0.471496
0.601668
0.520385
0.173736
0.356388
0.301630
0.825496
0.923970
0.200000
0.429330
0.950881
0.389899
0.275080
0.824855
0.399306
0.487220
0.471247
0.342391
0.641437
0.763208
0.441860
0.582642
0.410127
0.591920
0.242781
0.581995
0.345076
0.688865
0.410127
0.486802
0.420786
0.613537
0.317893
0.407343
0.877594
0.160802
0.415793
0.431860
0.368420
0.489252
0.395833
0.548682
0.521806
0.898182
0.589296
0.362287
0.841944
0.832325
0.719076
0.562417
0.342958
0.889562
0.734165
0.710526
0.349377
0.352781
0.656819
0.505155
0.295172
0.309091
0.888889
0.684211
0.809979
0.273925
0.410127
0.491048
0.890658
0.521406
0.540056
0.480064
0.410127
0.838974
0.410127
0.700962
0.357112
0.673005
0.440985
0.702991
0.755974
0.798022
0.296767
0.260870
0.410127
0.706819
0.809779
0.368668
0.410127
0.402392
0.410127
0.651217
0.410127
0.178571
0.441860
0.354406
0.711298
0.405398
0.255141
0.277456
0.194668
0.704762
0.928812
0.579795
0.325630
0.560735
0.210773
0.330270
0.448175
0.466253
1.000000
0.933456
0.382440
0.670228
0.147672
0.422641
0.527383
0.352563
0.735727
0.447011
0.208026
1.000000
0.292850
0.284928
0.473627
0.521945
0.570321
0.790693
0.736736
0.517836
0.244165
0.684211
0.728741
0.725535
0.978872
0.742756
0.806444
0.552885
0.261210
0.178571
0.413298
0.809924
0.530448
0.879427
0.571673
0.222641
0.414131
0.427491
0.410127
0.410127
0.497864
0.655714
0.786455
0.340895
0.870323
0.335885
0.457866
0.760488
0.371939
0.285671
0.577890
0.441189
0.379806
0.625000
0.410127
0.573375
0.625773
0.409854
0.847508
0.803631
0.831588
0.579509
0.896516
0.375773
0.891215
0.362149
0.866347
0.333333
0.401709
0.642187
0.548208
0.610819
0.570466
0.367892
0.525613
0.555122
0.500000
0.410127
0.185647
0.385809
0.693626
0.834605
0.282928
0.978817
0.876483
0.410127
0.539282
0.958333
0.585646
0.806320
0.662721
0.427682
0.219755
0.781800
0.936114
0.305746
0.655012
0.757676
0.588550
0.743760
0.568006
0.790313
0.410127
0.854301
0.904441
0.293207
0.701044
0.868079
0.494839
0.333333
0.459780
0.416781
0.723093
0.159294
0.523076
0.288455
0.471479
0.421761
0.410127
0.859260
1.000000
0.490278
0.298092
1.000000
0.796212
0.343588
0.275862
0.376136
0.936889
0.526211
0.335919
0.492703
0.362987
0.702225
0.896402
0.564148
0.884787
0.949734
0.504460
0.562417
0.822958
0.945322
0.761624
0.410127
0.847429
0.892326
0.370879
0.588258
0.895542
0.301282
0.584946
0.562417
0.960157
0.420115
0.410127
1.000000
0.332060
0.887222
0.411470
0.750971
0.768856
0.495011
0.338868
0.770058
0.410127
0.338549
0.620482
0.836024
0.217154
0.275694
0.294444
0.666458
0.521306
0.378822
0.410127
0.314571
0.354079
0.775862
0.704762
0.455108
0.275914
0.374772
0.715956
0.617813
0.410127
0.330495
0.499366
0.795220
1.000000
0.825745
0.577226
0.772316
0.483133
0.376923
0.822385
0.301295
0.388165
0.472194
0.268454
0.532051
0.704762
0.758426
0.706875
0.857263
0.416858
0.454860
0.716157
0.178571
0.371009
0.523064
0.922413
0.666055
0.905405
0.800313
0.288766
0.850169
0.324694
0.821801
0.822490
0.410127
0.566909
0.329237
0.763852
0.537044
0.348360
0.272522
0.527358
0.377853
0.210190
0.704762
0.563351
0.000000
0.879447
0.355002
1.000000
0.485764
0.441860
0.793162
0.546731
0.300000
0.485080
0.493255
0.308225
0.520837
0.443858
0.782839
0.536011
0.000000
0.816579
0.296552
0.212748
0.337402
0.360945
0.451490
0.839173
0.368179
0.400000
0.190181
0.592798
0.428818
0.305024
0.575042
0.222128
0.185747
0.410127
0.859633
0.798337
0.890604
0.348366
0.440167
0.410127
0.671323
0.916667
0.403462
0.476053
0.410127
0.309470
0.332180
0.743116
0.485542
0.523479
0.392109
0.410764
0.706393
0.722222
0.659726
0.426048
0.910928
0.515958
0.235294
0.818249
0.800000
0.461678
0.462815
0.390783
0.818495
0.923077
0.561025
0.341968
0.358896
0.913016
0.000000
0.240484
0.246127
0.474296
0.566665
0.318561
0.690180
0.606513
0.375000
0.263673
0.331242
0.125000
0.753086
0.439449
0.000000
0.875971
0.410127
0.178571
0.562417
0.424112
0.579002
0.850830
0.443429
0.623175
0.309388
0.467612
0.581519
0.512051
0.360873
0.380299
0.409187
0.901613
0.413487
0.731377
0.704762
0.750411
0.940221
0.746639
0.465913
0.407864
0.637500
0.438878
0.779984
0.746038
0.413663
0.879526
0.451548
0.500000
0.321460
0.613262
0.770365
0.340396
0.838358
0.785497
0.624497
0.765993
0.428325
0.371879
0.557682
0.928204
0.541682
0.410127
0.479483
0.715721
0.274778
0.443522
0.524746
0.650000
0.000000
0.965116
1.000000
0.352647
0.456146
0.272727
0.810984
0.316748
0.771949
0.357112
0.579003
0.933965
0.531220
0.178571
0.515281
0.410127
0.429024
0.525583
0.377808
0.521433
0.879828
0.821761
0.627869
0.278136
0.319431
0.750000
0.655558
0.000000
0.684211
0.303802
0.441860
0.709333
0.765315
0.410127
0.232443
0.282989
0.333333
0.342857
0.476409
0.401190
0.504299
0.300000
0.611754
0.761905
0.290287
0.592196
0.574900
0.906378
0.873054
0.694546
0.351376
0.567628
0.388183
0.333648
0.562417
0.462315
0.533171
0.800000
0.783317
0.873344
0.455530
0.948942
0.826077
0.410127
0.410127
0.854139
0.773430
0.704762
0.357143
0.890360
0.852473
0.395449
0.916773
0.848501
0.772506
0.644873
0.328054
0.704762
0.409695
0.691898
0.880766
0.265017
0.419508
0.829608
0.862451
0.376512
0.834395
0.910495
0.956204
0.518959
0.331861
0.396814
0.553734
0.795409
0.245963
0.347934
0.872614
0.770958
0.000000
0.988889
0.786847
0.530756
0.410127
0.389832
0.648623
0.732742
0.890807
0.224825
0.410127
0.640315
0.424825
0.967323
0.650416
0.758595
0.437320
0.401703
0.906753
0.368633
0.410127
0.723576
0.686711
0.695873
0.291441
0.587435
0.829948
0.221431
0.635802
0.178571
0.416060
0.341965
0.410127
0.274982
0.166667
0.478085
0.783675
0.311204
0.262327
0.933810
0.256354
0.772035
0.596758
0.609545
0.858397
0.672282
0.527563
0.651272
0.900838
0.623500
0.764198
0.754262
0.504803
0.812010
0.397638
0.514754
0.410127
0.816891
0.462335
0.789708
0.654334
0.410127
0.399150
0.410127
0.347222
0.977131
0.482498
0.880615
0.961582
0.581596
0.730069
0.666667
0.445737
0.750000
0.411781
0.735153
0.466667
0.332425
0.401703
0.581349
0.523037
0.227346
0.413735
0.693237
0.421785
0.582548
0.601240
0.323944
0.692915
0.586869
0.632045
0.539317
0.203805
0.401953
0.410127
0.365265
0.526960
0.380708
0.945887
0.597885
0.536167
0.389123
0.774762
0.363492
0.410127
0.413045
0.419580
0.346808
0.462988
0.516911
0.461769
0.455021
0.485064
0.491642
0.500000
0.324957
0.688039
0.458755
0.428028
0.655194
0.919373
0.643647
0.410127
0.410127
0.410127
0.737351
0.920975
0.216176
0.353924
0.488710
0.642611
0.486111
0.178571
0.560888
0.574461
0.212595
0.620000
0.308142
0.444496
0.410127
0.290047
0.532716
0.466803
0.260870
0.398844
0.453170
0.474845
0.734809
0.713750
0.647944
0.247194
0.410127
0.928571
0.443821
0.538552
0.623180
0.375999
0.250000
0.408452
0.566445
0.367260
0.000000
0.955040
0.443728
0.410127
0.247393
0.792608
0.605949
0.702600
0.857175
0.506034
0.366420
0.390352
0.587571
0.928105
0.312459
0.386827
0.914397
0.410127
0.515453
0.813124
0.780100
0.457093
0.567246
0.541473
0.954892
0.878595
0.392698
0.531394
0.368401
0.600034
0.267993
0.258812
0.836402
0.533216
0.722265
0.410127
0.835585
0.712318
0.667368
0.340811
0.284281
0.460370
0.434517
0.527758
0.777220
0.708112
0.579002
0.433626
0.333289
0.283082
0.694637
0.304899
0.286650
0.410127
0.388372
0.912099
0.920625
0.453170
0.298901
0.410127
0.200625
0.388984
0.874292
0.419048
0.410127
0.774509
0.723049
0.889522
0.459827
0.593802
0.740397
0.345448
0.524139
0.637112
0.549794
0.217440
0.376289
0.806655
0.642233
0.715639
0.612216
0.946150
0.628791
0.569037
0.410127
0.410127
0.512728
0.763413
0.496595
0.404586
0.708182
0.437993
0.659496
0.419535
0.281127
0.438596
0.595770
0.410127
0.587631
0.415754
0.759697
0.733766
0.433040
0.245139
0.718586
0.889275
0.836229
0.734547
0.410127
0.516680
0.699074
0.434783
0.408518
0.595636
0.411847
0.367073
0.319318
0.776316
0.514774
0.794085
0.511727
0.279976
0.487440
0.862017
0.397924
0.572055
0.334626
0.381050
0.210859
0.384196
0.434207
0.858728
0.460272
0.000000
0.360888
0.365426
0.410127
0.693167
0.830665
0.691285
0.424635
0.355138
0.739138
0.715245
0.432227
0.410127
0.587770
0.880852
0.760858
0.857143
0.436615
0.425784
0.839691
0.242808
0.888889
0.896377
0.377784
0.481673
0.419740
0.297218
0.403189
0.235676
0.231889
0.576256
0.376050
0.536238
0.681513
0.410127
0.917554
0.638811
0.293555
0.410127
0.567353
0.445360
0.210190
0.865928
0.885573
0.875472
0.804829
0.712585
0.702867
0.481139
0.264792
0.310763
0.868896
0.355400
0.488761
0.504376
0.348263
0.591813
0.728339
0.550543
0.944575
0.699981
0.610696
0.403571
0.410127
0.807243
0.344083
0.286805
0.727098
0.536489
0.433968
0.828540
0.250062
0.609209
0.412898
0.383319
0.204832
0.808825
0.970161
0.422051
0.927965
0.562417
0.376709
0.320609
0.126984
0.385056
0.470621
0.859701
0.489227
0.423032
0.888332
0.826728
0.264022
0.909789
0.758008
0.246334
0.334150
0.504849
0.770756
0.427517
0.179383
0.410127
0.751178
0.225795
0.314891
0.318635
0.272727
0.479695
0.423767
0.504812
0.430556
0.776837
0.287595
0.700960
0.481881
0.504119
0.703097
0.987053
0.473356
0.805183
1.000000
0.533141
0.639141
0.868638
